Time (Sec)	AccX - R (g)	AccY - R (g)	AccX - L (g)	AccY - L (g)	Force Plate 1	Force Plate 2	Swing	Load Cell
0.041	0.043	0.045	0.044	0.046	-1.006	-1.340	0.000	0.061
0.044	0.268	0.280	0.275	0.287	-0.181	-0.424	0.000	0.066
0.062	0.833	0.868	0.854	0.891	0.125	0.006	0.200	0.063
0.083	1.771	1.846	1.816	1.895	0.336	0.263	0.200	0.057
0.103	2.996	3.122	3.071	3.205	0.523	0.466	0.200	0.065
0.123	4.357	4.540	4.466	4.661	0.675	0.629	0.200	0.061
0.143	5.695	5.936	5.839	6.093	0.787	0.752	0.200	0.079
0.163	6.874	7.164	7.047	7.354	0.865	0.841	0.200	0.062
0.183	7.792	8.122	7.989	8.336	0.916	0.901	0.200	0.062
0.201	8.396	8.752	8.608	8.983	0.949	0.942	0.200	0.068
0.221	8.674	9.041	8.893	9.280	0.968	0.965	0.200	0.061
0.243	8.649	9.015	8.867	9.254	0.976	0.977	0.200	0.078
0.262	8.368	8.723	8.580	8.954	0.980	0.983	0.200	0.061
0.283	7.894	8.228	8.094	8.447	0.982	0.987	0.200	0.067
0.303	7.291	7.600	7.476	7.802	0.989	0.993	0.200	0.067
0.323	6.622	6.903	6.790	7.087	0.990	0.995	0.200	0.064
0.344	5.939	6.190	6.089	6.355	0.987	0.992	0.200	0.060
0.362	5.280	5.504	5.414	5.651	0.986	0.992	0.200	0.065
0.382	4.673	4.872	4.792	5.001	0.988	0.994	0.200	0.063
0.402	4.133	4.308	4.238	4.423	0.992	0.998	0.200	0.076
0.422	3.662	3.817	3.754	3.918	0.993	0.999	0.200	0.067
0.442	3.256	3.395	3.338	3.484	0.990	0.996	0.200	0.067
0.463	2.906	3.030	2.979	3.109	0.989	0.996	0.200	0.061
0.483	2.600	2.710	2.665	2.780	0.990	0.996	0.200	0.064
0.503	2.324	2.423	2.382	2.485	0.993	0.999	0.200	0.068
0.522	2.069	2.156	2.120	2.212	0.992	0.998	0.200	0.068
0.542	1.823	1.900	1.868	1.949	0.989	0.996	0.200	0.067
0.563	1.581	1.647	1.620	1.691	0.989	0.995	0.200	0.069
0.583	1.339	1.394	1.372	1.431	0.990	0.996	0.200	0.069
0.604	1.093	1.139	1.121	1.170	0.992	0.999	0.200	0.064
0.623	0.846	0.881	0.867	0.905	0.993	1.000	0.200	0.076
0.642	0.598	0.623	0.613	0.639	0.989	0.996	0.200	0.067
0.664	0.351	0.365	0.360	0.375	0.987	0.994	0.200	0.069
0.683	0.108	0.112	0.110	0.115	0.989	0.995	0.200	0.064
0.703	-0.129	-0.135	-0.133	-0.139	0.994	1.000	0.200	0.063
0.723	-0.357	-0.373	-0.367	-0.383	0.995	1.000	0.200	0.060
0.742	-0.575	-0.601	-0.592	-0.617	0.993	0.999	0.200	0.061
0.762	-0.783	-0.818	-0.805	-0.840	0.993	0.999	0.200	0.064
0.782	-0.979	-1.023	-1.006	-1.050	0.994	1.000	0.200	0.074
0.801	-1.165	-1.217	-1.196	-1.248	0.999	1.005	0.200	0.064
0.824	-1.339	-1.398	-1.375	-1.435	0.996	1.002	0.200	0.065
0.843	-1.503	-1.569	-1.543	-1.610	0.992	0.999	0.200	0.069
0.863	-1.658	-1.730	-1.702	-1.776	0.992	0.998	0.200	0.066
0.882	-1.804	-1.882	-1.851	-1.932	0.989	0.996	0.200	0.056
0.902	-1.942	-2.025	-1.992	-2.080	0.994	1.000	0.200	0.069
0.922	-2.073	-2.161	-2.126	-2.219	0.996	1.001	0.200	0.062
0.943	-2.196	-2.289	-2.252	-2.351	0.994	1.000	0.200	0.070
0.962	-2.313	-2.411	-2.371	-2.475	0.991	0.998	0.200	0.062
0.983	-2.424	-2.526	-2.484	-2.593	0.993	0.999	0.200	0.062
1.004	-2.528	-2.634	-2.591	-2.705	0.995	1.002	0.200	0.071
1.023	-2.626	-2.737	-2.692	-2.810	0.995	1.001	0.200	0.061
1.043	-2.718	-2.832	-2.786	-2.908	0.992	0.998	0.200	0.071
1.063	-2.804	-2.922	-2.874	-3.000	0.991	0.997	0.200	0.066
1.083	-2.885	-3.006	-2.956	-3.085	0.992	0.999	0.200	0.064
1.103	-2.959	-3.083	-3.032	-3.165	0.995	1.002	0.200	0.067
1.123	-3.027	-3.154	-3.102	-3.238	0.994	1.000	0.200	0.066
1.142	-3.090	-3.219	-3.166	-3.305	0.993	0.999	0.200	0.063
1.162	-3.147	-3.279	-3.225	-3.366	0.989	0.997	0.200	0.075
1.184	-3.199	-3.333	-3.278	-3.421	0.990	0.997	0.200	0.069
1.203	-3.245	-3.381	-3.325	-3.470	0.994	1.000	0.200	0.064
1.224	-3.286	-3.423	-3.368	-3.514	0.993	1.000	0.200	0.064
1.242	-3.322	-3.460	-3.404	-3.552	0.992	0.998	0.200	0.065
1.264	-3.353	-3.493	-3.436	-3.585	0.991	0.998	0.200	0.060
1.282	-3.379	-3.520	-3.463	-3.614	0.991	0.998	0.200	0.063
1.303	-3.400	-3.543	-3.486	-3.637	0.997	1.003	0.200	0.073
1.323	-3.417	-3.560	-3.503	-3.655	0.996	1.002	0.200	0.073
1.342	-3.430	-3.573	-3.516	-3.669	0.990	0.998	0.200	0.063
1.363	-3.439	-3.583	-3.525	-3.679	0.989	0.996	0.200	0.060
1.383	-3.444	-3.588	-3.530	-3.684	0.992	0.998	0.200	0.063
1.402	-3.445	-3.589	-3.531	-3.685	0.994	1.001	0.200	0.066
1.422	-3.442	-3.586	-3.529	-3.682	0.996	1.002	0.200	0.068
1.443	-3.436	-3.580	-3.522	-3.675	0.990	0.997	0.200	0.063
1.463	-3.427	-3.571	-3.512	-3.665	0.993	0.999	0.200	0.063
1.483	-3.414	-3.558	-3.499	-3.651	0.992	0.999	0.200	0.065
1.503	-3.398	-3.542	-3.483	-3.634	0.999	1.005	0.200	0.063
1.524	-3.379	-3.522	-3.463	-3.614	0.997	1.003	0.200	0.067
1.543	-3.357	-3.499	-3.440	-3.591	0.992	0.999	0.200	0.065
1.563	-3.332	-3.473	-3.415	-3.564	0.991	0.998	0.200	0.068
1.582	-3.304	-3.445	-3.387	-3.535	0.992	0.999	0.200	0.065
1.603	-3.274	-3.413	-3.356	-3.503	0.996	1.002	0.200	0.065
1.625	-3.241	-3.379	-3.322	-3.468	0.995	1.001	0.200	0.071
1.642	-3.205	-3.342	-3.287	-3.430	0.991	0.998	0.200	0.067
1.663	-3.168	-3.303	-3.248	-3.390	0.990	0.997	0.200	0.068
1.683	-3.129	-3.262	-3.208	-3.347	0.990	0.997	0.200	0.064
1.703	-3.087	-3.218	-3.165	-3.302	0.996	1.002	0.200	0.067
1.723	-3.043	-3.172	-3.119	-3.255	0.994	1.001	0.200	0.056
1.742	-2.997	-3.124	-3.072	-3.206	0.993	0.999	0.200	0.066
1.764	-2.949	-3.074	-3.023	-3.155	0.992	0.998	0.200	0.065
1.782	-2.900	-3.023	-2.972	-3.102	0.992	0.999	0.200	0.075
1.802	-2.849	-2.970	-2.920	-3.048	0.995	1.002	0.200	0.066
1.823	-2.796	-2.915	-2.866	-2.992	0.995	1.001	0.200	0.057
1.843	-2.742	-2.859	-2.811	-2.934	0.993	0.999	0.200	0.064
1.863	-2.687	-2.802	-2.755	-2.875	0.992	0.999	0.200	0.069
1.882	-2.631	-2.743	-2.698	-2.815	0.993	1.000	0.200	0.072
1.903	-2.574	-2.684	-2.639	-2.753	0.995	1.002	0.200	0.066
1.922	-2.516	-2.622	-2.579	-2.691	0.994	1.001	0.200	0.069
1.943	-2.456	-2.560	-2.518	-2.627	0.991	0.998	0.200	0.062
1.963	-2.396	-2.497	-2.456	-2.562	0.991	0.997	0.200	0.064
1.982	-2.335	-2.433	-2.394	-2.497	0.992	0.998	0.200	0.079
2.003	-2.273	-2.368	-2.330	-2.430	0.996	1.002	0.200	0.064
2.023	-2.210	-2.303	-2.266	-2.363	0.993	1.000	0.200	0.062
2.043	-2.146	-2.237	-2.201	-2.296	0.989	0.996	0.200	0.070
2.062	-2.083	-2.170	-2.135	-2.227	0.989	0.996	0.200	0.069
2.082	-2.018	-2.103	-2.069	-2.158	0.989	0.996	0.200	0.078
2.103	-1.954	-2.036	-2.003	-2.089	0.993	0.999	0.200	0.068
2.122	-1.889	-1.968	-1.935	-2.019	0.991	0.998	0.200	0.068
2.142	-1.823	-1.900	-1.868	-1.949	0.990	0.996	0.200	0.065
2.163	-1.757	-1.831	-1.801	-1.879	0.991	0.997	0.200	0.065
2.184	-1.692	-1.763	-1.733	-1.809	0.992	0.999	0.200	0.076
2.203	-1.625	-1.694	-1.666	-1.739	0.995	1.001	0.200	0.064
2.222	-1.559	-1.625	-1.599	-1.669	0.994	1.000	0.200	0.073
2.243	-1.493	-1.556	-1.532	-1.599	0.994	0.999	0.200	0.068
2.263	-1.427	-1.488	-1.465	-1.529	0.990	0.997	0.200	0.064
2.283	-1.362	-1.421	-1.398	-1.459	0.991	0.998	0.200	0.062
2.303	-1.297	-1.353	-1.332	-1.390	0.995	1.002	0.200	0.066
2.322	-1.233	-1.286	-1.266	-1.320	0.994	1.001	0.200	0.061
2.343	-1.169	-1.220	-1.200	-1.251	0.992	0.999	0.200	0.066
2.363	-1.105	-1.154	-1.134	-1.183	0.992	0.999	0.200	0.065
2.383	-1.043	-1.088	-1.069	-1.115	0.993	0.999	0.200	0.062
2.402	-0.980	-1.022	-1.005	-1.048	0.997	1.003	0.200	0.065
2.422	-0.918	-0.957	-0.941	-0.981	0.996	1.002	0.200	0.062
2.442	-0.856	-0.892	-0.878	-0.915	0.992	0.999	0.200	0.076
2.462	-0.795	-0.828	-0.815	-0.849	0.993	0.999	0.200	0.065
2.483	-0.734	-0.764	-0.753	-0.784	0.993	1.000	0.200	0.063
2.503	-0.673	-0.700	-0.691	-0.720	0.997	1.003	0.200	0.066
2.524	-0.612	-0.638	-0.629	-0.656	0.996	1.002	0.200	0.065
2.544	-0.552	-0.576	-0.568	-0.592	0.991	0.998	0.200	0.068
2.562	-0.493	-0.514	-0.508	-0.530	0.991	0.997	0.200	0.063
2.583	-0.435	-0.454	-0.448	-0.468	0.992	0.998	0.200	0.060
2.602	-0.378	-0.395	-0.389	-0.406	0.997	1.003	0.200	0.068
2.623	-0.322	-0.337	-0.331	-0.346	0.997	1.003	0.200	0.068
2.642	-0.267	-0.279	-0.274	-0.286	0.993	0.999	0.200	0.062
2.664	-0.213	-0.223	-0.218	-0.228	0.992	0.999	0.200	0.067
2.683	-0.161	-0.167	-0.164	-0.171	0.992	0.999	0.200	0.076
2.703	-0.108	-0.112	-0.110	-0.115	0.997	1.003	0.200	0.064
2.723	-0.057	-0.059	-0.057	-0.060	0.996	1.002	0.200	0.067
2.743	-0.006	-0.006	-0.005	-0.006	0.993	0.999	0.200	0.065
2.764	0.044	0.046	0.046	0.047	0.992	0.999	0.200	0.067
2.782	0.093	0.097	0.096	0.099	0.992	0.999	0.200	0.055
2.803	0.141	0.146	0.145	0.150	0.996	1.002	0.200	0.062
2.822	0.188	0.195	0.193	0.200	0.997	1.003	0.000	0.067
2.843	0.234	0.243	0.240	0.250	0.995	1.001	0.000	0.070
2.862	0.279	0.290	0.285	0.297	0.992	1.000	0.200	0.067
2.883	0.323	0.335	0.330	0.344	0.993	1.000	0.200	0.068
2.904	0.365	0.380	0.374	0.390	0.995	1.002	0.200	0.064
2.923	0.407	0.423	0.416	0.435	0.995	1.002	0.200	0.056
2.943	0.447	0.466	0.458	0.478	0.992	0.999	0.200	0.065
2.963	0.486	0.507	0.498	0.520	0.993	0.999	0.200	0.067
2.984	0.524	0.547	0.538	0.562	0.994	1.000	0.200	0.067
3.004	0.561	0.587	0.576	0.601	0.998	1.004	0.200	0.070
3.022	0.598	0.625	0.613	0.640	0.995	1.002	0.200	0.065
3.044	0.633	0.661	0.650	0.678	0.994	1.000	0.200	0.065
3.062	0.667	0.697	0.685	0.714	0.991	0.998	0.200	0.064
3.083	0.700	0.731	0.719	0.749	0.992	0.999	0.200	0.068
3.103	0.733	0.764	0.751	0.783	0.994	1.001	0.200	0.067
3.124	0.764	0.796	0.783	0.816	0.995	1.001	0.200	0.062
3.144	0.793	0.827	0.814	0.848	0.993	0.999	0.200	0.065
3.162	0.822	0.857	0.843	0.879	0.992	0.999	0.200	0.062
3.183	0.849	0.886	0.871	0.909	0.996	1.001	0.200	0.070
3.204	0.876	0.913	0.899	0.937	0.999	1.005	0.200	0.065
3.222	0.902	0.940	0.925	0.965	0.998	1.004	0.200	0.063
3.242	0.926	0.966	0.950	0.991	0.993	1.000	0.200	0.062
3.263	0.950	0.990	0.973	1.016	0.992	0.999	0.200	0.066
3.282	0.972	1.013	0.996	1.040	0.992	0.999	0.200	0.063
3.302	0.994	1.035	1.017	1.062	0.996	1.002	0.200	0.067
3.323	1.014	1.055	1.037	1.083	0.995	1.001	0.200	0.067
3.343	1.033	1.075	1.056	1.102	0.993	1.000	0.200	0.057
3.365	1.050	1.093	1.074	1.121	0.992	0.999	0.200	0.065
3.383	1.067	1.110	1.091	1.138	0.992	0.999	0.200	0.067
3.402	1.082	1.126	1.107	1.155	0.996	1.003	0.000	0.077
3.422	1.096	1.141	1.122	1.170	0.997	1.003	0.200	0.067
3.443	1.110	1.155	1.136	1.185	0.992	0.999	0.200	0.070
3.463	1.123	1.169	1.149	1.199	0.991	0.998	0.200	0.065
3.482	1.135	1.181	1.162	1.212	0.991	0.997	0.200	0.065
3.505	1.146	1.193	1.173	1.224	0.994	1.000	0.200	0.073
3.523	1.156	1.203	1.184	1.235	0.992	0.998	0.200	0.063
3.542	1.165	1.213	1.194	1.245	0.988	0.995	0.200	0.071
3.562	1.173	1.222	1.202	1.255	0.989	0.995	0.200	0.064
3.583	1.180	1.229	1.210	1.262	0.991	0.998	0.200	0.067
3.604	1.186	1.236	1.217	1.270	0.995	1.001	0.200	0.059
3.622	1.191	1.242	1.223	1.276	0.993	1.000	0.200	0.063
3.643	1.196	1.247	1.228	1.281	0.992	0.998	0.200	0.071
3.663	1.199	1.250	1.232	1.285	0.991	0.998	0.200	0.065
3.682	1.202	1.253	1.235	1.288	0.992	0.999	0.200	0.065
3.704	1.204	1.256	1.237	1.290	0.996	1.002	0.200	0.076
3.722	1.206	1.257	1.238	1.292	0.994	1.001	0.200	0.065
3.743	1.207	1.258	1.239	1.292	0.992	0.999	0.200	0.067
3.762	1.207	1.258	1.238	1.292	0.991	0.997	0.200	0.075
3.783	1.206	1.257	1.237	1.290	0.991	0.998	0.200	0.064
3.803	1.205	1.255	1.235	1.288	0.995	1.002	0.200	0.065
3.822	1.203	1.253	1.233	1.286	0.995	1.001	0.200	0.071
3.843	1.200	1.251	1.229	1.283	0.992	0.998	0.200	0.064
3.862	1.196	1.247	1.226	1.279	0.991	0.998	0.200	0.072
3.882	1.192	1.243	1.221	1.275	0.993	0.999	0.200	0.063
3.903	1.187	1.238	1.216	1.270	0.997	1.003	0.200	0.068
3.923	1.181	1.232	1.211	1.264	0.996	1.002	0.200	0.066
3.942	1.175	1.225	1.204	1.257	0.993	1.000	0.200	0.063
3.963	1.168	1.218	1.197	1.250	0.992	0.999	0.200	0.063
3.982	1.161	1.210	1.190	1.242	0.992	0.999	0.200	0.078
4.003	1.153	1.201	1.182	1.234	0.995	1.002	0.200	0.067
4.023	1.144	1.192	1.173	1.225	0.994	1.001	0.200	0.067
4.043	1.135	1.183	1.164	1.215	0.991	0.998	0.200	0.071
4.062	1.126	1.173	1.155	1.205	0.990	0.996	0.200	0.064
4.083	1.115	1.163	1.144	1.194	0.991	0.997	0.200	0.076
4.102	1.104	1.152	1.133	1.182	0.994	1.000	0.200	0.064
4.123	1.093	1.140	1.121	1.170	0.992	0.999	0.200	0.069
4.142	1.081	1.128	1.109	1.157	0.990	0.996	0.200	0.070
4.163	1.069	1.116	1.097	1.144	0.990	0.996	0.200	0.063
4.182	1.056	1.103	1.084	1.131	0.991	0.998	0.200	0.069
4.203	1.044	1.089	1.071	1.117	0.993	1.000	0.200	0.064
4.223	1.031	1.076	1.058	1.103	0.992	0.999	0.200	0.055
4.242	1.017	1.062	1.044	1.089	0.992	0.998	0.200	0.067
4.263	1.004	1.047	1.030	1.075	0.994	0.999	0.200	0.063
4.283	0.990	1.032	1.016	1.060	0.992	0.999	0.200	0.073
4.302	0.975	1.017	1.001	1.045	0.996	1.002	0.200	0.061
4.324	0.961	1.001	0.986	1.029	0.995	1.002	0.200	0.067
4.343	0.946	0.986	0.970	1.013	0.991	0.998	0.200	0.066
4.363	0.931	0.970	0.955	0.997	0.992	0.998	0.200	0.070
4.382	0.915	0.953	0.938	0.980	0.991	0.998	0.200	0.055
4.402	0.899	0.937	0.922	0.963	0.997	1.003	0.200	0.066
4.424	0.883	0.921	0.906	0.946	0.996	1.002	0.200	0.067
4.442	0.867	0.904	0.889	0.928	0.993	1.000	0.200	0.063
4.463	0.851	0.887	0.872	0.910	0.990	0.997	0.200	0.067
4.482	0.834	0.870	0.854	0.892	0.992	0.999	0.200	0.071
4.503	0.818	0.853	0.837	0.874	0.996	1.002	0.200	0.065
4.522	0.801	0.835	0.820	0.856	0.995	1.002	0.200	0.065
4.542	0.784	0.818	0.803	0.838	0.990	0.997	0.200	0.061
4.562	0.767	0.800	0.786	0.820	0.991	0.997	0.200	0.066
4.583	0.750	0.782	0.769	0.802	0.992	0.999	0.200	0.067
4.603	0.732	0.764	0.752	0.784	0.996	1.002	0.200	0.071
4.623	0.715	0.746	0.735	0.766	0.996	1.002	0.200	0.066
4.642	0.698	0.729	0.717	0.748	0.992	0.999	0.200	0.066
4.662	0.680	0.711	0.700	0.730	0.992	0.998	0.200	0.077
4.683	0.663	0.693	0.682	0.711	0.990	0.997	0.200	0.062
4.703	0.645	0.674	0.664	0.692	0.995	1.001	0.200	0.068
4.722	0.628	0.656	0.646	0.674	0.998	1.003	0.200	0.068
4.742	0.611	0.638	0.628	0.655	0.994	1.000	0.200	0.063
4.761	0.594	0.619	0.609	0.636	0.993	0.999	0.200	0.079
4.782	0.576	0.601	0.591	0.618	0.991	0.998	0.200	0.060
4.803	0.559	0.583	0.573	0.599	0.994	1.000	0.200	0.068
4.822	0.542	0.565	0.554	0.581	0.994	1.001	0.200	0.065
4.842	0.524	0.547	0.536	0.562	0.992	0.998	0.200	0.061
4.863	0.507	0.529	0.519	0.543	0.991	0.997	0.200	0.075
4.882	0.489	0.511	0.501	0.524	0.992	0.998	0.200	0.060
4.903	0.472	0.493	0.483	0.505	0.995	1.001	0.200	0.066
4.923	0.455	0.475	0.466	0.487	0.996	1.002	0.200	0.066
4.943	0.438	0.458	0.449	0.468	0.995	1.000	0.200	0.067
4.962	0.421	0.440	0.432	0.450	0.993	0.999	0.200	0.061
4.983	0.405	0.422	0.415	0.432	0.993	1.000	0.200	0.063
5.002	0.388	0.404	0.398	0.414	0.996	1.003	0.200	0.064
5.022	0.372	0.387	0.382	0.397	0.997	1.002	0.200	0.059
5.043	0.356	0.370	0.365	0.380	0.994	1.000	0.200	0.067
5.063	0.340	0.354	0.349	0.363	0.992	0.999	0.200	0.066
5.082	0.323	0.337	0.333	0.346	0.992	0.999	0.200	0.062
5.103	0.307	0.321	0.316	0.329	0.996	1.002	0.200	0.071
5.122	0.292	0.304	0.300	0.312	0.997	1.003	0.200	0.063
5.143	0.276	0.288	0.284	0.296	0.994	1.000	0.200	0.061
5.162	0.261	0.272	0.268	0.279	0.992	0.999	0.200	0.077
5.182	0.246	0.256	0.253	0.263	0.992	0.998	0.200	0.063
5.202	0.231	0.240	0.237	0.247	0.995	1.001	0.200	0.058
5.222	0.216	0.224	0.222	0.231	0.996	1.002	0.200	0.067
5.242	0.201	0.209	0.207	0.215	0.995	1.001	0.200	0.067
5.262	0.187	0.194	0.192	0.200	0.992	0.999	0.200	0.073
5.283	0.173	0.179	0.177	0.185	0.992	0.999	0.000	0.066
5.305	0.159	0.165	0.163	0.170	0.996	1.003	0.000	0.059
5.322	0.145	0.151	0.150	0.156	0.996	1.002	0.000	0.061
5.344	0.132	0.138	0.136	0.141	0.993	1.000	0.000	0.065
5.363	0.119	0.124	0.123	0.127	0.992	0.999	0.000	0.076
5.383	0.106	0.111	0.110	0.113	0.993	0.999	0.000	0.066
5.402	0.093	0.097	0.097	0.099	0.997	1.003	0.000	0.067
5.423	0.080	0.084	0.084	0.086	0.996	1.002	0.000	0.066
5.443	0.068	0.071	0.071	0.072	0.992	0.999	0.000	0.066
5.463	0.055	0.058	0.058	0.059	0.992	0.998	0.000	0.057
5.483	0.044	0.046	0.045	0.047	0.992	0.999	0.000	0.070
5.503	0.032	0.034	0.033	0.034	0.996	1.002	0.000	0.064
5.523	0.021	0.022	0.021	0.022	0.996	1.003	0.000	0.062
5.543	0.011	0.011	0.009	0.011	0.996	1.002	0.000	0.065
5.562	-0.000	-0.001	-0.002	-0.001	0.993	1.000	0.000	0.067
5.584	-0.011	-0.012	-0.013	-0.012	0.994	1.000	0.000	0.055
5.603	-0.022	-0.023	-0.024	-0.023	0.998	1.005	0.000	0.065
5.623	-0.032	-0.034	-0.034	-0.034	0.997	1.003	0.000	0.068
5.644	-0.042	-0.044	-0.044	-0.044	0.995	1.001	0.000	0.057
5.662	-0.052	-0.054	-0.053	-0.055	0.992	0.999	0.000	0.066
5.682	-0.061	-0.065	-0.063	-0.065	0.995	1.001	0.000	0.061
5.703	-0.070	-0.074	-0.072	-0.075	1.000	1.006	0.000	0.057
5.724	-0.079	-0.084	-0.081	-0.085	0.998	1.005	0.000	0.068
5.742	-0.087	-0.093	-0.090	-0.094	0.999	1.004	0.000	0.062
5.763	-0.095	-0.101	-0.099	-0.103	0.993	1.001	0.000	0.061
5.782	-0.103	-0.109	-0.107	-0.112	0.994	1.001	0.000	0.062
5.802	-0.111	-0.117	-0.115	-0.120	0.995	1.002	0.000	0.065
5.824	-0.118	-0.124	-0.122	-0.128	0.994	1.001	0.000	0.066
5.843	-0.125	-0.131	-0.129	-0.135	0.995	1.001	0.000	0.066
5.863	-0.131	-0.138	-0.136	-0.143	0.990	0.998	0.000	0.066
5.883	-0.138	-0.145	-0.143	-0.150	0.991	0.997	0.000	0.060
5.903	-0.145	-0.152	-0.150	-0.157	0.996	1.002	0.000	0.067
5.923	-0.151	-0.159	-0.156	-0.163	0.995	1.001	0.000	0.066
5.943	-0.157	-0.165	-0.162	-0.170	0.993	1.000	0.000	0.074
5.962	-0.163	-0.171	-0.168	-0.176	0.990	0.997	0.000	0.068
5.983	-0.169	-0.177	-0.173	-0.182	0.991	0.998	0.000	0.068
6.003	-0.175	-0.183	-0.179	-0.188	0.996	1.002	0.000	0.066
6.022	-0.181	-0.188	-0.184	-0.194	0.995	1.002	0.000	0.062
6.043	-0.186	-0.193	-0.189	-0.199	0.993	0.999	0.000	0.066
6.063	-0.191	-0.198	-0.194	-0.204	0.992	0.998	0.000	0.067
6.082	-0.196	-0.203	-0.199	-0.209	0.992	0.999	0.000	0.067
6.102	-0.201	-0.208	-0.204	-0.214	0.997	1.003	0.000	0.054
6.123	-0.204	-0.212	-0.208	-0.218	0.997	1.004	0.000	0.066
6.143	-0.208	-0.216	-0.212	-0.222	0.993	1.000	0.000	0.071
6.162	-0.211	-0.219	-0.216	-0.225	0.994	0.999	0.000	0.067
6.182	-0.214	-0.222	-0.219	-0.228	0.994	1.001	0.000	0.069
6.202	-0.216	-0.225	-0.222	-0.231	0.999	1.005	0.000	0.065
6.223	-0.218	-0.227	-0.224	-0.234	0.998	1.004	0.000	0.071
6.243	-0.220	-0.230	-0.227	-0.237	0.994	1.001	0.000	0.066
6.263	-0.222	-0.232	-0.229	-0.239	0.993	0.999	0.000	0.066
6.283	-0.224	-0.234	-0.231	-0.242	0.993	1.000	0.000	0.076
6.303	-0.226	-0.237	-0.233	-0.244	0.996	1.003	0.000	0.065
6.322	-0.228	-0.239	-0.235	-0.246	0.995	1.001	0.000	0.071
6.343	-0.230	-0.241	-0.237	-0.248	0.993	0.999	0.000	0.068
6.363	-0.232	-0.242	-0.239	-0.250	0.990	0.997	0.000	0.066
6.383	-0.233	-0.244	-0.240	-0.251	0.991	0.998	0.000	0.056
6.402	-0.235	-0.245	-0.242	-0.253	0.995	1.001	0.000	0.065
6.423	-0.236	-0.246	-0.243	-0.254	0.994	1.001	0.000	0.066
6.443	-0.237	-0.247	-0.244	-0.254	0.994	1.000	0.000	0.070
6.462	-0.238	-0.248	-0.245	-0.255	0.989	0.996	0.000	0.071
6.483	-0.238	-0.248	-0.245	-0.255	0.992	0.998	0.000	0.062
6.503	-0.238	-0.249	-0.245	-0.255	0.995	1.001	0.000	0.063
6.523	-0.238	-0.249	-0.245	-0.255	0.996	1.001	0.000	0.063
6.542	-0.238	-0.248	-0.245	-0.254	0.995	1.001	0.000	0.057
6.562	-0.238	-0.248	-0.244	-0.253	0.992	0.999	0.000	0.070
6.582	-0.238	-0.247	-0.243	-0.253	0.994	1.000	0.000	0.064
6.602	-0.237	-0.247	-0.243	-0.252	0.997	1.004	0.000	0.066
6.622	-0.237	-0.246	-0.242	-0.251	0.996	1.003	0.000	0.065
6.643	-0.236	-0.244	-0.241	-0.250	0.995	1.001	0.000	0.063
6.663	-0.234	-0.243	-0.240	-0.249	0.992	0.999	0.000	0.062
6.682	-0.233	-0.242	-0.239	-0.248	0.993	1.000	0.000	0.064
6.703	-0.232	-0.241	-0.238	-0.247	0.998	1.004	0.000	0.062
6.722	-0.230	-0.240	-0.236	-0.245	0.998	1.004	0.000	0.065
6.742	-0.228	-0.238	-0.234	-0.244	0.996	1.002	0.000	0.066
6.762	-0.226	-0.237	-0.232	-0.242	0.994	1.000	0.000	0.069
6.783	-0.225	-0.235	-0.231	-0.240	0.994	1.001	0.000	0.071
6.803	-0.223	-0.233	-0.229	-0.237	0.997	1.003	0.000	0.061
6.823	-0.221	-0.231	-0.226	-0.235	0.998	1.004	0.000	0.063
6.843	-0.219	-0.228	-0.224	-0.232	0.995	1.002	0.000	0.063
6.863	-0.217	-0.226	-0.221	-0.230	0.990	0.998	0.000	0.067
6.884	-0.216	-0.223	-0.219	-0.227	0.993	0.999	0.000	0.065
6.902	-0.214	-0.221	-0.217	-0.225	0.996	1.003	0.000	0.064
6.923	-0.212	-0.218	-0.214	-0.223	0.996	1.002	0.000	0.063
6.942	-0.209	-0.216	-0.211	-0.221	0.994	1.000	0.000	0.068
6.964	-0.206	-0.213	-0.209	-0.218	0.991	0.998	0.000	0.066
6.983	-0.203	-0.211	-0.206	-0.216	0.993	0.999	0.000	0.068
7.002	-0.200	-0.208	-0.204	-0.214	0.995	1.002	0.000	0.072
7.023	-0.197	-0.205	-0.201	-0.211	0.995	1.001	0.000	0.064
7.043	-0.194	-0.202	-0.198	-0.208	0.993	1.000	0.000	0.074
7.063	-0.191	-0.199	-0.195	-0.205	0.990	0.997	0.000	0.066
7.083	-0.188	-0.196	-0.193	-0.202	0.990	0.996	0.000	0.062
7.104	-0.185	-0.193	-0.190	-0.199	0.993	0.999	0.000	0.060
7.124	-0.182	-0.190	-0.187	-0.195	0.993	1.000	0.000	0.062
7.143	-0.179	-0.187	-0.183	-0.192	0.991	0.998	0.000	0.060
7.164	-0.176	-0.184	-0.180	-0.189	0.990	0.996	0.000	0.074
7.182	-0.174	-0.180	-0.177	-0.186	0.991	0.998	0.000	0.068
7.202	-0.171	-0.177	-0.174	-0.183	0.997	1.003	0.000	0.058
7.223	-0.167	-0.173	-0.171	-0.179	0.997	1.003	0.000	0.068
7.244	-0.164	-0.169	-0.167	-0.175	0.992	1.000	0.000	0.062
7.262	-0.160	-0.165	-0.164	-0.172	0.990	0.997	0.000	0.078
7.283	-0.156	-0.162	-0.161	-0.168	0.992	0.998	0.000	0.066
7.302	-0.152	-0.158	-0.157	-0.165	0.995	1.002	0.000	0.059
7.324	-0.148	-0.154	-0.154	-0.161	0.995	1.001	0.000	0.067
7.343	-0.144	-0.151	-0.150	-0.157	0.994	1.000	0.000	0.069
7.363	-0.141	-0.147	-0.147	-0.153	0.991	0.997	0.000	0.077
7.384	-0.137	-0.144	-0.143	-0.149	0.992	0.998	0.000	0.066
7.404	-0.134	-0.141	-0.139	-0.145	0.995	1.001	0.000	0.069
7.424	-0.131	-0.137	-0.136	-0.141	0.994	1.001	0.000	0.065
7.442	-0.127	-0.133	-0.131	-0.136	0.990	0.997	0.000	0.064
7.463	-0.123	-0.129	-0.127	-0.132	0.990	0.996	0.000	0.060
7.482	-0.120	-0.125	-0.123	-0.128	0.991	0.998	0.000	0.069
7.502	-0.116	-0.121	-0.120	-0.124	0.994	1.001	0.000	0.064
7.523	-0.113	-0.117	-0.116	-0.120	0.995	1.001	0.000	0.063
7.542	-0.109	-0.113	-0.112	-0.117	0.995	1.001	0.000	0.061
7.563	-0.105	-0.110	-0.109	-0.113	0.993	1.000	0.000	0.069
7.582	-0.102	-0.107	-0.105	-0.110	0.993	1.000	0.000	0.058
7.602	-0.099	-0.103	-0.102	-0.106	0.996	1.003	0.000	0.066
7.623	-0.095	-0.100	-0.098	-0.102	0.996	1.003	0.000	0.080
7.643	-0.091	-0.096	-0.094	-0.098	0.994	1.000	0.000	0.065
7.663	-0.088	-0.092	-0.091	-0.094	0.990	0.997	0.000	0.067
7.682	-0.084	-0.089	-0.087	-0.090	0.991	0.998	0.000	0.067
7.703	-0.081	-0.085	-0.083	-0.087	0.994	1.000	0.000	0.063
7.722	-0.078	-0.082	-0.080	-0.083	0.996	1.002	0.000	0.077
7.743	-0.074	-0.079	-0.076	-0.080	0.995	1.001	0.000	0.067
7.762	-0.071	-0.076	-0.073	-0.076	0.993	0.999	0.000	0.065
7.784	-0.068	-0.072	-0.070	-0.072	0.994	1.001	0.000	0.065
7.805	-0.065	-0.069	-0.066	-0.069	0.997	1.004	0.000	0.059
7.822	-0.062	-0.066	-0.063	-0.065	0.996	1.003	0.000	0.076
7.842	-0.059	-0.062	-0.059	-0.061	0.992	0.999	0.000	0.068
7.862	-0.056	-0.058	-0.056	-0.057	0.991	0.998	0.000	0.064
7.882	-0.053	-0.054	-0.052	-0.053	0.991	0.998	0.000	0.076
7.902	-0.050	-0.051	-0.049	-0.050	0.995	1.001	0.000	0.062
7.922	-0.046	-0.047	-0.046	-0.047	0.994	1.001	0.000	0.068
7.942	-0.043	-0.044	-0.043	-0.044	0.995	1.001	0.000	0.064
7.962	-0.040	-0.041	-0.040	-0.041	0.993	0.999	0.000	0.065
7.982	-0.037	-0.039	-0.037	-0.039	0.994	1.000	0.000	0.060
8.002	-0.035	-0.036	-0.035	-0.037	0.996	1.003	0.000	0.063
8.022	-0.032	-0.033	-0.032	-0.034	0.997	1.004	0.000	0.059
8.043	-0.029	-0.030	-0.029	-0.032	0.995	1.002	0.000	0.061
8.064	-0.026	-0.027	-0.027	-0.029	0.993	0.999	0.000	0.068
8.083	-0.023	-0.025	-0.024	-0.026	0.992	0.999	0.000	0.066
8.102	-0.021	-0.022	-0.022	-0.023	0.996	1.002	0.000	0.064
8.123	-0.018	-0.019	-0.019	-0.020	0.995	1.002	0.000	0.065
8.143	-0.015	-0.016	-0.017	-0.018	0.991	0.999	0.000	0.073
8.164	-0.013	-0.013	-0.015	-0.015	0.993	0.999	0.000	0.066
8.182	-0.010	-0.011	-0.012	-0.012	0.993	0.999	0.000	0.066
8.202	-0.007	-0.009	-0.010	-0.009	0.997	1.004	0.000	0.064
8.222	-0.005	-0.006	-0.008	-0.007	0.996	1.003	0.000	0.078
8.243	-0.003	-0.004	-0.005	-0.004	0.994	1.001	0.000	0.069
8.262	-0.001	-0.001	-0.002	-0.001	0.991	0.998	0.000	0.071
8.282	0.001	0.001	0.000	0.002	0.991	0.998	0.000	0.074
8.304	0.003	0.004	0.003	0.005	0.993	1.000	0.000	0.068
8.321	0.005	0.006	0.005	0.007	0.991	0.998	0.000	0.065
8.342	0.008	0.009	0.008	0.009	0.993	0.999	0.000	0.071
8.362	0.010	0.011	0.010	0.011	0.990	0.996	0.000	0.072
8.382	0.012	0.012	0.012	0.013	0.991	0.997	0.000	0.064
8.402	0.014	0.014	0.014	0.014	0.996	1.002	0.000	0.072
8.424	0.015	0.016	0.016	0.016	0.997	1.003	0.000	0.060
8.444	0.017	0.018	0.018	0.018	0.997	1.003	0.000	0.068
8.464	0.018	0.019	0.019	0.019	0.992	0.999	0.000	0.065
8.483	0.020	0.021	0.021	0.021	0.993	1.000	0.000	0.060
8.503	0.021	0.023	0.022	0.023	0.998	1.004	0.000	0.074
8.524	0.023	0.024	0.024	0.024	0.996	1.003	0.000	0.067
8.542	0.024	0.026	0.025	0.026	0.994	1.001	0.000	0.065
8.562	0.026	0.027	0.026	0.028	0.991	0.998	0.000	0.069
8.584	0.028	0.029	0.028	0.029	0.993	0.999	0.000	0.065
8.603	0.029	0.030	0.029	0.030	0.995	1.002	0.000	0.061
8.623	0.031	0.032	0.031	0.032	0.995	1.001	0.000	0.064
8.642	0.033	0.033	0.032	0.033	0.993	1.000	0.000	0.062
8.663	0.034	0.035	0.034	0.035	0.992	0.998	0.000	0.068
8.683	0.035	0.036	0.035	0.036	0.994	1.000	0.000	0.065
8.702	0.036	0.037	0.036	0.037	0.999	1.005	0.000	0.060
8.723	0.037	0.039	0.037	0.039	0.998	1.005	0.000	0.065
8.743	0.039	0.040	0.039	0.041	0.996	1.003	0.000	0.068
8.762	0.040	0.042	0.040	0.042	0.994	1.000	0.000	0.074
8.782	0.041	0.043	0.041	0.044	0.994	1.001	0.000	0.064
8.802	0.042	0.044	0.043	0.045	0.997	1.003	0.000	0.070
8.823	0.043	0.045	0.044	0.046	0.996	1.002	0.000	0.067
8.843	0.044	0.046	0.045	0.047	0.996	1.002	0.000	0.064
8.863	0.045	0.046	0.046	0.048	0.991	0.998	0.000	0.069
8.882	0.045	0.047	0.046	0.049	0.990	0.997	0.000	0.062
8.902	0.045	0.047	0.047	0.049	0.995	1.001	0.000	0.069
8.923	0.046	0.048	0.047	0.049	0.994	1.000	0.000	0.064
8.943	0.046	0.048	0.048	0.050	0.993	1.000	0.000	0.065
8.964	0.046	0.048	0.048	0.050	0.990	0.997	0.000	0.064
8.982	0.046	0.048	0.048	0.050	0.991	0.998	0.000	0.065
9.003	0.046	0.048	0.048	0.050	0.996	1.002	0.000	0.059
9.022	0.047	0.048	0.049	0.050	0.996	1.003	0.000	0.066
9.042	0.047	0.049	0.049	0.050	0.995	1.002	0.000	0.061
9.063	0.047	0.049	0.049	0.051	0.992	0.999	0.000	0.068
9.083	0.047	0.049	0.049	0.051	0.993	0.999	0.000	0.066
9.103	0.047	0.049	0.049	0.051	0.996	1.003	0.000	0.054
9.123	0.047	0.050	0.049	0.051	0.996	1.003	0.000	0.067
9.143	0.047	0.050	0.049	0.051	0.995	1.001	0.000	0.064
9.163	0.047	0.050	0.049	0.051	0.992	0.998	0.000	0.060
9.184	0.048	0.050	0.049	0.051	0.994	1.000	0.000	0.068
9.202	0.048	0.051	0.049	0.051	0.998	1.004	0.000	0.066
9.222	0.049	0.051	0.050	0.051	0.998	1.004	0.000	0.065
9.242	0.049	0.052	0.050	0.052	0.996	1.002	0.000	0.066
9.263	0.049	0.052	0.050	0.052	0.995	1.001	0.000	0.068
9.282	0.049	0.052	0.050	0.052	0.994	1.001	0.000	0.060
9.302	0.049	0.052	0.050	0.052	0.996	1.003	0.000	0.066
9.323	0.049	0.052	0.050	0.052	0.996	1.002	0.000	0.062
9.344	0.049	0.052	0.050	0.052	0.993	1.000	0.000	0.074
9.362	0.049	0.051	0.051	0.051	0.991	0.998	0.000	0.070
9.383	0.048	0.050	0.051	0.051	0.993	0.999	0.000	0.064
9.402	0.048	0.049	0.051	0.051	0.997	1.003	0.000	0.065
9.424	0.048	0.049	0.050	0.050	0.997	1.003	0.000	0.069
9.442	0.047	0.048	0.050	0.050	0.994	1.001	0.000	0.064
9.463	0.047	0.048	0.050	0.050	0.992	0.999	0.000	0.069
9.483	0.047	0.048	0.049	0.049	0.991	0.998	0.000	0.074
9.502	0.046	0.047	0.048	0.049	0.995	1.002	0.000	0.061
9.522	0.046	0.047	0.047	0.048	0.995	1.002	0.000	0.067
9.542	0.045	0.047	0.047	0.048	0.995	1.001	0.000	0.076
9.564	0.045	0.047	0.046	0.048	0.992	0.999	0.000	0.064
9.582	0.045	0.047	0.046	0.047	0.993	0.999	0.000	0.059
9.605	0.044	0.047	0.045	0.047	0.996	1.002	0.000	0.064
9.622	0.044	0.047	0.045	0.047	0.996	1.003	0.000	0.066
9.643	0.044	0.047	0.045	0.046	0.995	1.001	0.000	0.061
9.662	0.044	0.047	0.044	0.046	0.993	0.999	0.000	0.069
9.683	0.043	0.046	0.044	0.046	0.993	1.000	0.000	0.066
9.702	0.042	0.045	0.043	0.045	0.996	1.003	0.000	0.062
9.723	0.042	0.044	0.043	0.044	0.997	1.003	0.000	0.066
9.744	0.041	0.043	0.042	0.044	0.995	1.002	0.000	0.070
9.763	0.041	0.042	0.042	0.043	0.991	0.998	0.000	0.067
9.783	0.040	0.041	0.041	0.043	0.992	0.999	0.000	0.070
9.802	0.039	0.040	0.041	0.042	0.993	1.000	0.000	0.062
9.823	0.038	0.039	0.040	0.042	0.995	1.002	0.000	0.064
9.843	0.037	0.039	0.039	0.041	0.996	1.002	0.000	0.067
9.863	0.036	0.038	0.038	0.041	0.993	0.999	0.000	0.061
9.884	0.035	0.037	0.037	0.040	0.994	1.000	0.000	0.070
9.903	0.035	0.037	0.037	0.039	0.996	1.003	0.000	0.062
9.923	0.034	0.036	0.036	0.038	0.995	1.002	0.000	0.060
9.944	0.033	0.036	0.035	0.037	0.997	1.003	0.000	0.078
9.964	0.033	0.035	0.035	0.036	0.992	0.999	0.000	0.067
9.983	0.032	0.034	0.034	0.035	0.993	1.000	0.000	0.062
10.002	0.032	0.033	0.033	0.034	0.996	1.003	0.000	0.068
10.022	0.032	0.033	0.032	0.033	0.997	1.003	0.000	0.064
10.044	0.031	0.032	0.032	0.033	0.994	1.001	0.000	0.059
10.062	0.031	0.031	0.031	0.032	0.991	0.998	0.000	0.071
10.082	0.030	0.030	0.030	0.032	0.991	0.998	0.000	0.068
10.103	0.029	0.030	0.029	0.031	0.996	1.002	0.000	0.049
10.122	0.029	0.029	0.029	0.031	0.996	1.003	0.000	0.068
10.142	0.028	0.029	0.028	0.030	0.997	1.003	0.000	0.066
10.163	0.026	0.028	0.028	0.030	0.995	1.001	0.000	0.069
10.182	0.025	0.027	0.027	0.029	0.994	1.001	0.000	0.068
10.203	0.025	0.027	0.026	0.028	0.996	1.002	0.000	0.066
10.223	0.024	0.026	0.025	0.027	0.997	1.003	0.000	0.078
10.243	0.023	0.025	0.025	0.026	0.996	1.002	0.000	0.067
10.263	0.023	0.025	0.024	0.025	0.994	1.000	0.000	0.067
10.284	0.022	0.024	0.023	0.024	0.994	1.000	0.000	0.077
10.304	0.021	0.023	0.022	0.023	0.995	1.002	0.000	0.066
10.322	0.021	0.022	0.021	0.022	0.994	1.002	0.000	0.060
10.343	0.020	0.021	0.020	0.022	0.992	0.999	0.000	0.078
10.363	0.020	0.020	0.020	0.021	0.990	0.997	0.000	0.071
10.383	0.019	0.019	0.019	0.020	0.991	0.998	0.000	0.065
10.402	0.018	0.018	0.018	0.019	0.992	0.999	0.000	0.083
10.423	0.017	0.017	0.017	0.018	0.993	1.000	0.000	0.066
10.442	0.017	0.017	0.017	0.017	0.993	1.000	0.000	0.070
10.462	0.016	0.016	0.016	0.017	0.990	0.997	0.000	0.062
10.483	0.015	0.016	0.015	0.016	0.991	0.998	0.000	0.064
10.502	0.014	0.015	0.015	0.015	0.993	1.000	0.000	0.064
10.523	0.013	0.014	0.014	0.014	0.995	1.001	0.000	0.062
10.544	0.013	0.014	0.013	0.013	0.994	1.000	0.000	0.066
10.564	0.012	0.013	0.013	0.013	0.992	0.998	0.000	0.064
10.584	0.012	0.013	0.012	0.012	0.997	1.003	0.000	0.072
10.602	0.011	0.012	0.012	0.012	0.998	1.004	0.000	0.067
10.622	0.010	0.011	0.011	0.012	0.998	1.005	0.000	0.069
10.642	0.010	0.011	0.011	0.012	0.996	1.003	0.000	0.069
10.662	0.009	0.010	0.010	0.012	0.992	0.999	0.000	0.069
10.683	0.008	0.010	0.010	0.012	0.993	1.000	0.000	0.054
10.702	0.007	0.009	0.009	0.011	0.997	1.003	0.000	0.071
10.723	0.007	0.008	0.008	0.011	0.997	1.004	0.000	0.065
10.742	0.006	0.008	0.007	0.010	0.999	1.005	0.000	0.079
10.763	0.006	0.007	0.006	0.009	0.995	1.001	0.000	0.072
10.783	0.005	0.006	0.005	0.008	0.993	1.001	0.000	0.069
10.801	0.004	0.005	0.004	0.006	0.995	1.002	0.000	0.069
10.822	0.004	0.004	0.003	0.005	0.993	1.000	0.000	0.075
10.842	0.003	0.003	0.003	0.003	0.993	0.999	0.000	0.073
10.863	0.003	0.002	0.002	0.002	0.991	0.997	0.000	0.062
10.883	0.002	0.001	0.002	0.001	0.993	0.999	0.000	0.063
10.904	0.001	0.000	0.001	0.001	0.996	1.002	0.000	0.078
10.923	0.000	-0.000	0.001	0.000	0.997	1.004	0.000	0.064
10.942	-0.000	-0.000	0.000	0.000	0.994	1.001	0.000	0.067
10.962	-0.001	-0.001	-0.000	0.000	0.992	0.999	0.000	0.065
10.983	-0.001	-0.001	-0.001	-0.000	0.991	0.999	0.000	0.064
11.002	-0.001	-0.002	-0.002	-0.001	0.995	1.001	0.000	0.059
11.023	-0.002	-0.002	-0.002	-0.001	0.995	1.001	0.000	0.064
11.043	-0.002	-0.003	-0.003	-0.001	0.996	1.002	0.000	0.066
11.063	-0.002	-0.003	-0.003	-0.002	0.992	0.999	0.000	0.057
11.082	-0.002	-0.003	-0.004	-0.003	0.990	0.997	0.000	0.062
11.104	-0.003	-0.004	-0.004	-0.003	0.995	1.002	0.000	0.065
11.123	-0.003	-0.004	-0.004	-0.004	0.997	1.003	0.000	0.066
11.143	-0.003	-0.004	-0.004	-0.004	0.996	1.002	0.000	0.061
11.162	-0.003	-0.004	-0.004	-0.004	0.992	0.998	0.000	0.077
11.182	-0.004	-0.004	-0.004	-0.004	0.991	0.998	0.000	0.065
11.202	-0.004	-0.005	-0.004	-0.004	0.995	1.001	0.000	0.064
11.222	-0.005	-0.005	-0.004	-0.004	0.997	1.003	0.000	0.063
11.243	-0.005	-0.005	-0.004	-0.004	0.995	1.002	0.000	0.066
11.262	-0.005	-0.005	-0.004	-0.004	0.991	0.998	0.000	0.069
11.283	-0.005	-0.006	-0.005	-0.005	0.991	0.998	0.000	0.080
11.303	-0.005	-0.006	-0.005	-0.005	0.994	1.001	0.000	0.060
11.323	-0.005	-0.006	-0.006	-0.006	0.992	1.000	0.000	0.063
11.343	-0.005	-0.006	-0.006	-0.007	0.996	1.001	0.000	0.070
11.362	-0.005	-0.006	-0.007	-0.007	0.992	0.998	0.000	0.067
11.385	-0.006	-0.007	-0.007	-0.008	0.992	0.998	0.000	0.064
11.403	-0.006	-0.007	-0.008	-0.008	0.995	1.001	0.000	0.067
11.422	-0.006	-0.008	-0.008	-0.008	0.996	1.002	0.000	0.056
11.442	-0.007	-0.008	-0.008	-0.009	0.996	1.003	0.000	0.062
11.462	-0.007	-0.008	-0.008	-0.009	0.993	0.999	0.000	0.065
11.482	-0.007	-0.008	-0.008	-0.009	0.993	1.000	0.000	0.065
11.503	-0.007	-0.008	-0.008	-0.009	0.998	1.004	0.000	0.066
11.523	-0.007	-0.008	-0.008	-0.009	0.998	1.005	0.000	0.067
11.543	-0.007	-0.008	-0.008	-0.009	0.996	1.003	0.000	0.068
11.562	-0.008	-0.008	-0.008	-0.009	0.992	0.999	0.000	0.069
11.583	-0.008	-0.008	-0.008	-0.009	0.992	0.999	0.000	0.069
11.602	-0.009	-0.008	-0.008	-0.009	0.994	1.001	0.000	0.061
11.622	-0.009	-0.008	-0.008	-0.009	0.995	1.001	0.000	0.055
11.643	-0.009	-0.008	-0.009	-0.009	0.994	1.001	0.000	0.066
11.668	-0.010	-0.009	-0.009	-0.009	0.991	0.998	0.000	0.067
11.683	-0.010	-0.010	-0.009	-0.009	0.991	0.998	0.000	0.074
11.702	-0.010	-0.010	-0.009	-0.010	0.994	1.001	0.000	0.069
11.723	-0.010	-0.011	-0.010	-0.010	0.993	1.000	0.000	0.066
11.742	-0.010	-0.011	-0.010	-0.010	0.995	1.001	0.000	0.068
11.763	-0.010	-0.011	-0.010	-0.010	0.992	0.998	0.000	0.064
11.782	-0.010	-0.011	-0.010	-0.010	0.992	0.999	0.000	0.064
11.803	-0.010	-0.011	-0.010	-0.010	0.997	1.004	0.000	0.062
11.822	-0.010	-0.010	-0.010	-0.009	0.998	1.005	0.000	0.059
11.842	-0.010	-0.010	-0.010	-0.009	0.998	1.004	0.000	0.068
11.862	-0.010	-0.010	-0.010	-0.009	0.994	1.000	0.000	0.061
11.883	-0.010	-0.010	-0.010	-0.009	0.994	1.000	0.000	0.060
11.903	-0.010	-0.010	-0.010	-0.010	0.994	1.002	0.000	0.067
11.922	-0.010	-0.010	-0.010	-0.010	0.996	1.003	0.000	0.068
11.943	-0.010	-0.010	-0.010	-0.011	0.995	1.001	0.000	0.063
11.962	-0.011	-0.010	-0.010	-0.011	0.993	0.999	0.000	0.070
11.983	-0.011	-0.011	-0.011	-0.012	0.993	0.999	0.000	0.067
12.003	-0.011	-0.011	-0.011	-0.013	0.994	1.000	0.000	0.069
12.022	-0.011	-0.012	-0.011	-0.013	0.994	1.000	0.000	0.067
12.043	-0.010	-0.012	-0.011	-0.013	0.994	1.000	0.000	0.060
12.063	-0.010	-0.012	-0.011	-0.014	0.990	0.997	0.000	0.066
12.082	-0.010	-0.012	-0.011	-0.013	0.992	0.999	0.000	0.062
12.103	-0.010	-0.012	-0.011	-0.013	0.994	1.001	0.000	0.078
12.122	-0.010	-0.011	-0.011	-0.012	0.997	1.003	0.000	0.067
12.143	-0.010	-0.011	-0.011	-0.012	0.995	1.002	0.000	0.067
12.162	-0.010	-0.010	-0.010	-0.011	0.992	0.998	0.000	0.064
12.182	-0.010	-0.010	-0.010	-0.011	0.991	0.998	0.000	0.066
12.202	-0.010	-0.009	-0.010	-0.011	0.994	1.001	0.000	0.057
12.221	-0.010	-0.009	-0.010	-0.011	0.994	1.001	0.000	0.065
12.242	-0.010	-0.009	-0.010	-0.011	0.995	1.001	0.000	0.062
12.262	-0.010	-0.009	-0.010	-0.011	0.992	0.999	0.000	0.077
12.283	-0.010	-0.010	-0.010	-0.011	0.994	1.000	0.000	0.067
12.302	-0.010	-0.010	-0.010	-0.011	0.996	1.003	0.000	0.063
12.322	-0.010	-0.010	-0.010	-0.011	0.995	1.002	0.000	0.066
12.342	-0.010	-0.010	-0.009	-0.011	0.994	1.001	0.000	0.065
12.364	-0.009	-0.010	-0.009	-0.011	0.990	0.997	0.000	0.071
12.382	-0.009	-0.010	-0.009	-0.011	0.992	0.998	0.000	0.070
12.402	-0.009	-0.010	-0.009	-0.011	0.993	1.000	0.000	0.063
12.423	-0.008	-0.010	-0.009	-0.010	0.995	1.002	0.000	0.055
12.442	-0.007	-0.009	-0.009	-0.010	0.994	1.001	0.000	0.064
12.463	-0.007	-0.008	-0.009	-0.010	0.991	0.998	0.000	0.064
12.484	-0.006	-0.008	-0.009	-0.009	0.994	1.000	0.000	0.073
12.504	-0.006	-0.008	-0.009	-0.009	0.997	1.003	0.000	0.064
12.523	-0.006	-0.008	-0.009	-0.009	0.998	1.004	0.000	0.071
12.543	-0.006	-0.008	-0.009	-0.009	0.997	1.004	0.000	0.072
12.563	-0.007	-0.008	-0.009	-0.009	0.990	0.998	0.000	0.068
12.582	-0.007	-0.008	-0.009	-0.009	0.991	0.998	0.000	0.058
12.604	-0.008	-0.008	-0.009	-0.009	0.994	1.001	0.000	0.067
12.623	-0.008	-0.008	-0.009	-0.009	0.996	1.001	0.000	0.066
12.643	-0.008	-0.008	-0.009	-0.009	0.996	1.002	0.000	0.065
12.663	-0.008	-0.008	-0.008	-0.008	0.995	1.001	0.000	0.063
12.683	-0.008	-0.008	-0.008	-0.008	0.994	1.001	0.000	0.064
12.703	-0.008	-0.008	-0.007	-0.007	0.999	1.005	0.000	0.063
12.722	-0.008	-0.008	-0.007	-0.007	0.995	1.002	0.000	0.065
12.743	-0.008	-0.008	-0.007	-0.006	0.994	1.001	0.000	0.060
12.764	-0.007	-0.007	-0.006	-0.006	0.992	0.998	0.000	0.061
12.784	-0.007	-0.007	-0.006	-0.005	0.993	0.999	0.000	0.067
12.802	-0.007	-0.006	-0.005	-0.005	0.995	1.001	0.000	0.068
12.824	-0.007	-0.006	-0.005	-0.005	0.994	1.001	0.000	0.068
12.843	-0.006	-0.005	-0.004	-0.005	0.995	1.001	0.000	0.063
12.862	-0.006	-0.004	-0.004	-0.004	0.993	0.999	0.000	0.078
12.884	-0.005	-0.004	-0.003	-0.004	0.991	0.998	0.000	0.066
12.904	-0.005	-0.004	-0.003	-0.004	0.994	1.000	0.000	0.065
12.923	-0.004	-0.003	-0.003	-0.004	0.990	0.998	0.000	0.068
12.943	-0.004	-0.003	-0.003	-0.004	0.992	0.999	0.000	0.065
12.963	-0.004	-0.003	-0.003	-0.004	0.989	0.995	0.000	0.059
12.982	-0.004	-0.004	-0.004	-0.004	0.991	0.998	0.000	0.063
13.003	-0.004	-0.004	-0.004	-0.004	0.995	1.001	0.000	0.062
13.022	-0.004	-0.004	-0.004	-0.004	0.997	1.003	0.000	0.075
13.042	-0.004	-0.004	-0.005	-0.004	0.996	1.002	0.000	0.066
13.063	-0.004	-0.004	-0.005	-0.004	0.992	0.999	0.000	0.068
13.082	-0.004	-0.004	-0.005	-0.005	0.993	0.999	0.000	0.067
13.102	-0.004	-0.004	-0.005	-0.005	0.997	1.003	0.000	0.067
13.122	-0.004	-0.004	-0.005	-0.005	0.997	1.003	0.000	0.076
13.142	-0.003	-0.004	-0.005	-0.004	0.995	1.002	0.000	0.064
13.162	-0.002	-0.003	-0.005	-0.004	0.992	0.999	0.000	0.070
13.183	-0.002	-0.003	-0.004	-0.004	0.991	0.998	0.000	0.064
13.202	-0.001	-0.003	-0.004	-0.004	0.993	1.000	0.000	0.061
13.223	-0.001	-0.003	-0.003	-0.004	0.995	1.002	0.000	0.077
13.242	-0.001	-0.003	-0.003	-0.003	0.994	1.000	0.000	0.062
13.262	-0.002	-0.003	-0.003	-0.003	0.992	0.998	0.000	0.074
13.283	-0.002	-0.003	-0.003	-0.003	0.992	0.999	0.000	0.062
13.303	-0.003	-0.003	-0.003	-0.003	0.995	1.001	0.000	0.065
13.323	-0.003	-0.003	-0.003	-0.003	0.996	1.003	0.000	0.066
13.344	-0.004	-0.003	-0.002	-0.003	0.996	1.002	0.000	0.066
13.362	-0.004	-0.003	-0.003	-0.002	0.996	1.001	0.000	0.064
13.382	-0.004	-0.003	-0.003	-0.002	0.994	1.001	0.000	0.065
13.403	-0.004	-0.003	-0.003	-0.002	0.996	1.003	0.000	0.066
13.423	-0.003	-0.003	-0.002	-0.001	0.997	1.004	0.000	0.068
13.442	-0.003	-0.002	-0.002	-0.001	0.996	1.003	0.000	0.070
13.463	-0.002	-0.002	-0.001	-0.000	0.994	1.000	0.000	0.067
13.482	-0.002	-0.002	-0.001	-0.000	0.994	1.001	0.000	0.066
13.503	-0.002	-0.002	-0.001	-0.001	0.995	1.002	0.000	0.060
13.522	-0.002	-0.002	-0.001	-0.001	0.996	1.003	0.000	0.070
13.545	-0.001	-0.002	-0.001	-0.001	0.997	1.003	0.000	0.067
13.563	-0.001	-0.001	-0.001	-0.001	0.990	0.997	0.000	0.067
13.582	-0.001	-0.001	-0.001	-0.002	0.992	0.998	0.000	0.065
13.603	-0.001	-0.001	-0.001	-0.002	0.993	1.000	0.000	0.067
13.623	-0.001	-0.001	-0.001	-0.002	0.993	1.000	0.000	0.069
13.644	-0.001	-0.001	-0.001	-0.002	0.993	0.999	0.000	0.078
13.663	-0.001	-0.000	-0.001	-0.002	0.990	0.996	0.000	0.068
13.684	-0.001	-0.000	-0.001	-0.002	0.992	0.998	0.000	0.069
13.702	-0.001	-0.000	-0.002	-0.002	0.992	0.999	0.000	0.060
13.722	-0.000	-0.000	-0.001	-0.002	0.996	1.002	0.000	0.067
13.743	0.000	-0.000	-0.001	-0.001	0.995	1.002	0.000	0.069
13.764	0.000	0.000	-0.001	-0.001	0.993	0.999	0.000	0.069
13.783	0.001	0.000	-0.000	-0.000	0.993	1.000	0.000	0.066
13.803	0.001	0.000	0.000	0.000	0.994	1.001	0.000	0.066
13.824	0.001	0.001	0.001	0.001	0.995	1.002	0.000	0.062
13.844	0.001	0.001	0.002	0.002	0.998	1.004	0.000	0.077
13.862	0.002	0.002	0.002	0.002	0.992	1.000	0.000	0.065
13.884	0.001	0.002	0.002	0.003	0.992	0.999	0.000	0.067
13.902	0.001	0.003	0.002	0.003	0.995	1.001	0.000	0.061
13.923	0.001	0.003	0.002	0.002	0.995	1.002	0.000	0.068
13.942	0.001	0.003	0.002	0.002	0.998	1.004	0.000	0.061
13.963	0.002	0.004	0.002	0.002	0.993	1.000	0.000	0.068
13.983	0.002	0.004	0.002	0.002	0.993	0.999	0.000	0.064
14.003	0.002	0.004	0.001	0.002	0.993	1.000	0.000	0.064
14.023	0.002	0.003	0.001	0.002	0.995	1.002	0.000	0.063
14.043	0.002	0.003	0.002	0.002	0.997	1.003	0.000	0.064
14.064	0.003	0.003	0.002	0.003	0.993	1.000	0.000	0.065
14.083	0.003	0.002	0.002	0.003	0.996	1.002	0.000	0.064
14.103	0.003	0.002	0.002	0.003	0.996	1.003	0.000	0.065
14.123	0.003	0.002	0.003	0.003	0.999	1.005	0.000	0.071
14.143	0.003	0.002	0.003	0.004	0.998	1.005	0.000	0.061
14.163	0.003	0.002	0.003	0.004	0.991	0.999	0.000	0.066
14.185	0.002	0.002	0.003	0.004	0.994	1.000	0.000	0.072
14.204	0.002	0.002	0.003	0.003	0.995	1.001	0.000	0.067
14.224	0.002	0.003	0.003	0.003	0.996	1.003	0.000	0.064
14.242	0.002	0.003	0.003	0.002	0.994	1.001	0.000	0.062
14.264	0.002	0.003	0.002	0.002	0.992	0.999	0.000	0.066
14.283	0.002	0.003	0.002	0.001	0.994	1.000	0.000	0.066
14.303	0.002	0.003	0.002	0.001	0.995	1.001	0.000	0.065
14.323	0.002	0.002	0.002	0.001	0.998	1.004	0.000	0.071
14.342	0.002	0.002	0.002	0.001	0.996	1.003	0.000	0.073
14.364	0.002	0.002	0.002	0.002	0.992	0.999	0.000	0.069
14.382	0.002	0.002	0.003	0.002	0.991	0.998	0.000	0.066
14.402	0.002	0.001	0.003	0.002	0.994	1.000	0.000	0.067
14.423	0.002	0.001	0.003	0.002	0.996	1.002	0.000	0.062
14.442	0.002	0.001	0.002	0.003	0.996	1.002	0.000	0.068
14.463	0.002	0.001	0.002	0.003	0.993	0.999	0.000	0.062
14.484	0.002	0.001	0.002	0.002	0.993	1.000	0.000	0.057
14.502	0.003	0.000	0.001	0.002	0.996	1.002	0.000	0.063
14.523	0.003	0.001	0.001	0.002	0.998	1.005	0.000	0.063
14.543	0.003	0.001	0.001	0.002	0.998	1.004	0.000	0.071
14.563	0.003	0.001	0.001	0.001	0.993	0.999	0.000	0.065
14.582	0.003	0.002	0.000	0.001	0.992	0.999	0.000	0.069
14.603	0.002	0.002	0.000	0.001	0.994	1.000	0.000	0.065
14.623	0.002	0.002	0.001	0.001	0.995	1.002	0.000	0.068
14.644	0.001	0.003	0.001	0.001	0.995	1.001	0.000	0.063
14.663	0.001	0.003	0.001	0.001	0.993	0.999	0.000	0.066
14.683	0.001	0.002	0.001	0.001	0.993	0.999	0.000	0.066
14.703	0.001	0.002	0.001	0.001	0.994	1.001	0.000	0.060
14.723	0.001	0.002	0.001	0.001	0.998	1.004	0.000	0.064
14.742	0.001	0.002	0.001	0.001	0.997	1.003	0.000	0.069
14.763	0.001	0.001	0.001	0.001	0.994	1.000	0.000	0.075
14.783	0.001	0.001	0.001	0.001	0.994	1.000	0.000	0.067
14.803	0.001	0.001	0.001	0.001	0.993	1.000	0.000	0.067
14.822	0.001	0.000	0.001	0.001	0.995	1.001	0.000	0.075
14.843	0.001	0.000	0.002	0.001	0.994	1.000	0.000	0.062
14.863	0.002	0.001	0.002	0.001	0.990	0.997	0.000	0.065
14.883	0.002	0.001	0.002	0.002	0.990	0.997	0.000	0.065
14.903	0.002	0.001	0.002	0.002	0.993	1.000	0.000	0.072
14.923	0.002	0.002	0.003	0.002	0.994	1.001	0.000	0.067
14.942	0.003	0.002	0.003	0.002	0.995	1.001	0.000	0.068
14.962	0.003	0.002	0.003	0.003	0.991	0.998	0.000	0.068
14.983	0.003	0.002	0.003	0.003	0.992	0.999	0.000	0.079
15.003	0.003	0.002	0.003	0.002	0.993	1.000	0.000	0.062
15.024	0.003	0.002	0.003	0.002	0.994	1.000	0.000	0.070
15.042	0.003	0.001	0.003	0.002	0.993	1.000	0.000	0.068
15.063	0.003	0.001	0.003	0.002	0.992	0.998	0.000	0.062
15.082	0.003	0.001	0.003	0.002	0.990	0.997	0.000	0.065
15.103	0.002	0.001	0.002	0.002	0.993	1.000	0.000	0.063
15.123	0.002	0.001	0.002	0.002	0.998	1.004	0.000	0.067
15.144	0.002	0.001	0.002	0.002	0.997	1.003	0.000	0.066
15.162	0.002	0.001	0.002	0.002	0.993	1.000	0.000	0.067
15.183	0.002	0.001	0.002	0.002	0.993	0.999	0.000	0.065
15.201	0.001	0.001	0.001	0.002	0.995	1.001	0.000	0.078
15.222	0.001	0.001	0.001	0.002	0.997	1.004	0.000	0.063
15.243	0.001	0.001	0.001	0.002	0.995	1.002	0.000	0.071
15.263	0.001	0.001	0.001	0.002	0.992	0.999	0.000	0.066
15.282	0.001	0.001	0.001	0.002	0.993	0.999	0.000	0.069
15.302	0.001	0.000	0.001	0.002	0.995	1.001	0.000	0.066
15.322	0.001	-0.000	0.002	0.002	0.996	1.003	0.000	0.064
15.343	0.001	-0.000	0.002	0.002	0.998	1.004	0.000	0.066
15.362	0.001	-0.000	0.002	0.002	0.992	0.999	0.000	0.066
15.382	0.001	0.000	0.002	0.003	0.992	0.999	0.000	0.063
15.402	0.001	0.000	0.002	0.003	0.992	0.999	0.000	0.065
15.423	0.001	0.001	0.002	0.003	0.996	1.002	0.000	0.067
15.442	0.001	0.002	0.003	0.004	0.994	1.001	0.000	0.064
15.462	0.001	0.002	0.003	0.004	0.990	0.997	0.000	0.063
15.482	0.001	0.002	0.003	0.004	0.989	0.996	0.000	0.063
15.502	0.001	0.002	0.003	0.004	0.993	0.999	0.000	0.075
15.523	0.001	0.002	0.002	0.003	0.997	1.003	0.000	0.061
15.543	0.001	0.002	0.002	0.003	0.997	1.003	0.000	0.057
15.562	0.002	0.002	0.001	0.002	0.995	1.000	0.000	0.059
15.581	0.001	0.002	0.001	0.002	0.994	1.000	0.000	0.069
15.602	0.001	0.002	0.000	0.001	0.996	1.002	0.000	0.065
15.623	0.001	0.002	0.000	0.001	0.998	1.005	0.000	0.067
15.642	0.001	0.002	0.000	0.001	0.996	1.003	0.000	0.075
15.662	0.001	0.002	0.000	0.001	0.993	0.999	0.000	0.062
15.682	0.001	0.002	0.000	0.001	0.992	0.999	0.000	0.067
15.702	0.001	0.002	0.000	0.000	0.991	0.998	0.000	0.074
15.722	0.001	0.001	0.000	-0.000	0.996	1.002	0.000	0.065
15.742	0.001	0.001	0.000	-0.000	0.995	1.002	0.000	0.070
15.764	0.001	0.001	0.000	-0.001	0.990	0.997	0.000	0.072
15.783	0.001	0.001	0.000	-0.001	0.989	0.996	0.000	0.062
15.803	0.001	0.001	0.000	-0.001	0.992	0.998	0.000	0.058
15.823	0.001	0.001	0.000	-0.001	0.995	1.001	0.000	0.067
15.843	0.001	0.002	0.000	-0.001	0.996	1.003	0.000	0.067
15.863	0.000	0.002	0.000	-0.000	0.994	1.000	0.000	0.062
15.882	0.000	0.002	0.000	-0.000	0.992	0.999	0.000	0.067
15.903	0.000	0.002	0.000	-0.000	0.993	1.000	0.000	0.062
15.923	0.000	0.002	0.000	0.000	0.996	1.002	0.000	0.067
15.943	0.000	0.001	0.000	0.000	0.994	1.001	0.000	0.060
15.963	0.000	0.001	0.000	0.000	0.992	0.998	0.000	0.061
15.982	0.001	0.000	0.001	0.000	0.991	0.998	0.000	0.064
16.003	0.001	-0.000	0.001	0.000	0.994	1.000	0.000	0.065
16.021	0.001	-0.001	0.001	0.000	0.996	1.003	0.000	0.076
16.041	0.001	-0.001	0.001	0.001	0.995	1.001	0.000	0.064
16.061	0.001	-0.000	0.001	0.001	0.992	0.999	0.000	0.071
16.081	0.001	0.000	0.001	0.002	0.992	0.999	0.000	0.060
16.103	0.001	0.000	0.001	0.002	0.993	1.000	0.000	0.065
16.122	0.000	0.001	0.001	0.002	0.995	1.002	0.000	0.075
16.142	0.001	0.001	0.002	0.003	0.994	1.000	0.000	0.065
16.162	0.001	0.001	0.002	0.003	0.992	0.999	0.000	0.074
16.182	0.001	0.001	0.002	0.003	0.990	0.997	0.000	0.066
16.202	0.001	0.001	0.001	0.003	0.991	0.998	0.000	0.063
16.222	0.001	0.000	0.001	0.002	0.994	1.001	0.000	0.062
16.242	0.001	-0.000	0.001	0.002	0.995	1.001	0.000	0.066
16.262	0.000	-0.001	0.001	0.001	0.996	1.001	0.000	0.066
16.282	0.000	-0.001	0.001	0.001	0.994	1.000	0.000	0.067
16.301	-0.000	-0.001	0.000	0.001	0.994	1.001	0.000	0.065
16.321	-0.000	-0.001	0.000	0.001	0.998	1.004	0.000	0.063
16.342	-0.000	0.000	0.000	0.001	0.997	1.003	0.000	0.066
16.362	-0.000	0.001	0.000	0.001	0.993	1.000	0.000	0.065
16.381	-0.000	0.001	0.000	0.001	0.993	0.999	0.000	0.067
16.402	-0.001	0.001	0.000	0.001	0.994	1.001	0.000	0.062
16.422	-0.001	0.001	0.000	0.000	0.997	1.004	0.000	0.059
16.442	-0.001	0.001	0.000	0.000	0.998	1.005	0.000	0.066
16.462	-0.000	0.001	0.000	0.000	0.994	1.001	0.000	0.064
16.482	-0.000	0.000	0.000	-0.000	0.993	1.000	0.000	0.060
16.503	-0.000	0.000	0.000	-0.000	0.994	1.000	0.000	0.063
16.523	-0.000	-0.000	0.000	0.000	0.998	1.004	0.000	0.068
16.543	-0.000	-0.000	0.000	0.000	0.996	1.003	0.000	0.074
16.562	-0.001	-0.000	0.000	0.001	0.994	1.000	0.000	0.062
16.583	-0.001	-0.001	0.000	0.001	0.991	0.998	0.000	0.071
16.603	-0.001	-0.001	0.000	0.001	0.990	0.998	0.000	0.065
16.622	-0.002	-0.001	0.000	0.001	0.996	1.002	0.000	0.070
16.642	-0.002	-0.001	0.000	0.001	0.995	1.002	0.000	0.070
16.661	-0.002	-0.001	0.000	0.001	0.993	1.000	0.000	0.066
16.681	-0.002	-0.001	0.000	-0.000	0.992	0.999	0.000	0.067
16.701	-0.001	-0.001	-0.000	-0.001	0.993	0.999	0.000	0.064
16.721	-0.001	-0.001	-0.000	-0.001	0.997	1.003	0.000	0.068
16.742	-0.001	-0.001	-0.001	-0.002	0.995	1.002	0.000	0.061
16.763	-0.000	-0.001	-0.001	-0.002	0.992	0.999	0.000	0.066
16.783	-0.000	-0.001	-0.001	-0.002	0.993	1.000	0.000	0.060
16.802	-0.000	-0.001	-0.001	-0.002	0.996	1.002	0.000	0.068
16.823	-0.000	-0.001	-0.001	-0.002	0.999	1.005	0.000	0.064
16.843	-0.000	-0.001	-0.001	-0.002	0.994	1.002	0.000	0.059
16.862	-0.000	-0.001	-0.001	-0.002	0.993	1.000	0.000	0.074
16.882	-0.001	-0.001	-0.001	-0.002	0.994	1.000	0.000	0.060
16.902	-0.001	-0.001	-0.001	-0.001	0.994	1.001	0.000	0.057
16.923	-0.001	-0.001	-0.001	-0.001	0.996	1.003	0.000	0.064
16.942	-0.001	-0.000	-0.001	-0.001	0.995	1.001	0.000	0.066
16.962	-0.000	-0.000	-0.001	-0.001	0.993	0.999	0.000	0.068
16.982	-0.000	-0.000	-0.001	-0.001	0.992	0.999	0.000	0.062
17.003	0.000	-0.000	-0.001	-0.001	0.993	1.000	0.000	0.066
17.021	0.000	-0.001	-0.001	-0.001	0.998	1.004	0.000	0.066
17.043	0.001	-0.001	-0.001	-0.002	0.999	1.004	0.000	0.064
17.063	0.001	-0.001	-0.001	-0.002	0.995	1.001	0.000	0.058
17.083	0.001	-0.001	-0.001	-0.002	0.993	1.000	0.000	0.067
17.102	0.000	-0.001	-0.001	-0.002	0.995	1.002	0.000	0.064
17.122	0.000	-0.001	-0.001	-0.002	0.997	1.004	0.000	0.074
17.141	0.000	-0.001	-0.001	-0.002	0.997	1.003	0.000	0.068
17.161	0.000	-0.000	-0.001	-0.001	0.995	1.001	0.000	0.066
17.181	0.000	0.001	-0.000	-0.001	0.992	0.999	0.000	0.060
17.203	0.000	0.001	0.000	-0.001	0.994	1.001	0.000	0.067
17.223	0.000	0.002	0.000	-0.000	0.997	1.004	0.000	0.067
17.243	0.001	0.003	0.001	-0.000	0.995	1.002	0.000	0.063
17.263	0.001	0.003	0.001	0.000	0.992	0.999	0.000	0.064
17.282	0.001	0.003	0.002	0.000	0.993	0.999	0.000	0.065
17.303	0.001	0.003	0.002	0.001	0.994	1.000	0.000	0.067
17.323	0.001	0.002	0.002	0.001	0.996	1.003	0.000	0.080
17.342	0.001	0.002	0.001	0.001	0.996	1.002	0.000	0.068
17.361	0.000	0.001	0.001	0.001	0.993	0.999	0.000	0.060
17.383	0.000	-0.000	0.001	0.001	0.992	0.999	0.000	0.060
17.403	-0.000	-0.001	0.000	0.000	0.994	1.001	0.000	0.064
17.422	-0.001	-0.002	-0.000	-0.000	0.999	1.005	0.000	0.064
17.443	-0.001	-0.002	-0.001	-0.001	0.997	1.004	0.000	0.065
17.463	-0.001	-0.002	-0.002	-0.001	0.993	1.000	0.000	0.061
17.482	-0.001	-0.002	-0.002	-0.002	0.992	0.999	0.000	0.067
17.502	-0.001	-0.002	-0.002	-0.003	0.993	1.000	0.000	0.070
17.522	-0.001	-0.002	-0.002	-0.003	0.996	1.002	0.000	0.076
17.542	-0.001	-0.001	-0.002	-0.003	0.994	1.000	0.000	0.065
17.564	-0.001	-0.000	-0.002	-0.003	0.991	0.998	0.000	0.060
17.583	-0.000	-0.000	-0.002	-0.003	0.990	0.997	0.000	0.063
17.604	-0.000	0.000	-0.001	-0.003	0.992	0.998	0.000	0.067
17.622	-0.000	0.000	-0.001	-0.003	0.994	1.000	0.000	0.064
17.645	-0.000	0.000	-0.001	-0.002	0.996	1.002	0.000	0.064
17.662	0.000	0.001	-0.000	-0.002	0.993	1.000	0.000	0.075
17.683	0.001	0.001	-0.000	-0.001	0.993	0.999	0.000	0.065
17.704	0.001	0.000	-0.000	-0.001	0.992	0.999	0.000	0.057
17.722	0.001	0.000	-0.000	-0.001	0.996	1.002	0.000	0.069
17.742	0.002	0.000	-0.000	-0.001	0.997	1.003	0.000	0.066
17.762	0.002	0.000	0.000	-0.001	0.994	1.001	0.000	0.077
17.783	0.002	-0.000	-0.000	-0.001	0.993	1.000	0.000	0.067
17.802	0.002	-0.001	-0.000	-0.001	0.993	1.000	0.000	0.061
17.823	0.002	-0.001	-0.001	-0.001	0.997	1.003	0.000	0.067
17.842	0.001	-0.001	-0.001	-0.001	0.995	1.002	0.000	0.066
17.862	0.001	-0.001	-0.001	-0.001	0.993	1.000	0.000	0.069
17.882	-0.000	-0.001	-0.001	-0.001	0.991	0.999	0.000	0.063
17.903	-0.001	-0.001	-0.001	-0.001	0.993	1.000	0.000	0.061
17.923	-0.001	-0.001	-0.001	-0.001	0.998	1.004	0.000	0.062
17.943	-0.002	-0.001	-0.001	-0.001	0.996	1.003	0.000	0.069
17.962	-0.002	-0.001	-0.001	-0.001	0.993	1.000	0.000	0.064
17.983	-0.002	-0.001	-0.001	-0.000	0.991	0.998	0.000	0.060
18.002	-0.002	-0.001	-0.001	-0.000	0.992	0.998	0.000	0.061
18.023	-0.001	-0.001	-0.001	-0.001	0.994	1.001	0.000	0.068
18.042	-0.001	-0.001	-0.001	-0.000	0.996	1.001	0.000	0.073
18.062	-0.001	-0.000	-0.000	-0.000	0.995	1.001	0.000	0.063
18.083	-0.001	-0.000	-0.000	-0.000	0.992	0.999	0.000	0.058
18.102	-0.001	-0.000	-0.000	0.000	0.994	1.000	0.000	0.063
18.123	-0.001	-0.000	-0.000	0.000	0.998	1.005	0.000	0.070
18.143	-0.001	-0.000	-0.000	0.001	0.996	1.003	0.000	0.066
18.162	-0.001	0.000	-0.000	0.001	0.993	1.000	0.000	0.065
18.182	-0.001	0.000	0.000	0.001	0.992	0.999	0.000	0.060
18.203	-0.001	0.000	0.000	0.001	0.994	1.000	0.000	0.067
18.222	-0.001	0.000	0.000	0.001	0.997	1.004	0.000	0.067
18.242	-0.000	0.000	-0.000	0.001	0.995	1.002	0.000	0.063
18.262	0.000	0.000	-0.000	0.001	0.993	0.999	0.000	0.067
18.282	0.000	-0.000	-0.000	0.000	0.991	0.998	0.000	0.066
18.303	0.000	-0.001	-0.001	0.000	0.994	1.000	0.000	0.068
18.322	0.001	-0.001	-0.001	-0.000	0.997	1.004	0.000	0.066
18.343	0.001	-0.000	-0.001	-0.000	0.998	1.004	0.000	0.063
18.363	0.001	0.000	-0.000	0.000	0.994	1.001	0.000	0.070
18.383	0.002	0.001	-0.000	0.000	0.994	1.000	0.000	0.069
18.402	0.002	0.001	0.000	0.001	0.994	1.000	0.000	0.069
18.422	0.002	0.002	0.001	0.001	0.998	1.004	0.000	0.061
18.442	0.002	0.002	0.001	0.001	0.995	1.002	0.000	0.076
18.462	0.002	0.003	0.001	0.002	0.995	1.001	0.000	0.064
18.483	0.002	0.002	0.001	0.002	0.992	0.999	0.000	0.068
18.503	0.001	0.001	0.001	0.001	0.994	1.000	0.000	0.065
18.522	0.001	0.001	0.001	0.001	0.999	1.005	0.000	0.064
18.542	0.001	-0.000	0.000	0.001	0.995	1.003	0.000	0.066
18.562	0.001	-0.001	0.000	0.001	0.995	1.001	0.000	0.066
18.582	0.001	-0.001	-0.000	0.000	0.995	1.001	0.000	0.066
18.603	0.001	-0.002	-0.000	0.000	0.995	1.002	0.000	0.070
18.623	0.000	-0.002	-0.000	-0.000	0.998	1.005	0.000	0.066
18.642	-0.000	-0.002	-0.000	-0.000	0.998	1.004	0.000	0.074
18.662	-0.000	-0.002	-0.000	-0.000	0.995	1.002	0.000	0.067
18.682	-0.001	-0.002	-0.000	-0.000	0.992	0.999	0.000	0.070
18.702	-0.001	-0.002	0.000	-0.001	0.992	0.999	0.000	0.070
18.722	-0.002	-0.002	0.000	-0.001	0.996	1.002	0.000	0.068
18.743	-0.002	-0.001	0.000	-0.001	0.996	1.002	0.000	0.069
18.763	-0.002	-0.001	0.001	-0.000	0.992	0.999	0.000	0.061
18.783	-0.002	-0.000	0.001	-0.000	0.988	0.996	0.000	0.061
18.802	-0.002	-0.001	0.001	-0.000	0.993	0.999	0.000	0.070
18.822	-0.002	-0.001	0.000	-0.000	0.996	1.002	0.000	0.075
18.842	-0.002	-0.001	0.000	0.000	0.995	1.001	0.000	0.060
18.862	-0.001	-0.001	0.000	0.000	0.993	0.999	0.000	0.064
18.882	-0.001	-0.001	0.000	0.000	0.991	0.997	0.000	0.064
18.903	-0.001	-0.001	-0.000	0.000	0.992	0.999	0.000	0.066
18.922	-0.001	-0.001	-0.000	0.000	0.996	1.003	0.000	0.076
18.942	-0.000	-0.000	-0.000	0.000	0.994	1.001	0.000	0.060
18.963	-0.000	-0.000	-0.001	0.000	0.993	1.000	0.000	0.055
18.983	-0.000	0.000	-0.001	0.000	0.995	1.001	0.000	0.066
19.002	-0.000	0.001	-0.001	0.000	0.994	1.001	0.000	0.070
19.023	-0.000	0.001	-0.001	0.000	0.996	1.003	0.000	0.063
19.043	0.000	0.001	-0.001	0.000	0.996	1.003	0.000	0.061
19.063	0.000	0.001	-0.000	0.000	0.993	1.000	0.000	0.064
19.083	0.001	0.001	-0.000	0.000	0.992	0.999	0.000	0.061
19.104	0.001	0.001	-0.000	0.000	0.995	1.001	0.000	0.062
19.122	0.001	0.001	-0.000	0.000	0.998	1.004	0.000	0.066
19.142	0.002	0.001	0.000	0.000	0.997	1.004	0.000	0.066
19.163	0.002	0.001	0.000	0.001	0.995	1.002	0.000	0.063
19.183	0.002	0.002	0.001	0.001	0.993	0.999	0.000	0.060
19.203	0.002	0.002	0.000	0.001	0.993	1.000	0.000	0.070
19.222	0.002	0.002	0.000	0.001	0.997	1.003	0.000	0.061
19.243	0.001	0.001	0.000	0.002	0.998	1.005	0.000	0.066
19.261	0.001	0.001	0.000	0.002	0.996	1.003	0.000	0.075
19.283	0.001	0.001	0.000	0.002	0.992	0.999	0.000	0.066
19.303	0.000	0.000	0.000	0.001	0.992	0.999	0.000	0.060
19.323	-0.000	-0.000	0.000	0.001	0.997	1.003	0.000	0.064
19.343	-0.001	-0.000	0.000	0.001	0.997	1.003	0.000	0.067
19.363	-0.001	-0.000	0.001	0.001	0.995	1.001	0.000	0.072
19.383	-0.001	-0.000	0.001	0.001	0.991	0.998	0.000	0.063
19.402	-0.001	-0.000	0.001	0.001	0.991	0.998	0.000	0.062
19.423	-0.000	-0.000	0.000	0.000	0.998	1.003	0.000	0.058
19.443	-0.000	0.000	0.000	0.000	0.996	1.002	0.000	0.065
19.462	-0.000	0.000	0.001	0.000	0.995	1.001	0.000	0.067
19.483	-0.000	0.001	0.001	0.001	0.993	0.999	0.000	0.066
19.502	-0.000	0.001	0.001	0.001	0.994	1.000	0.000	0.063
19.523	-0.000	0.001	0.001	0.001	0.997	1.004	0.000	0.067
19.543	0.000	0.001	0.001	0.001	0.998	1.004	0.000	0.066
19.562	0.000	0.001	0.001	0.001	0.995	1.002	0.000	0.069
19.583	0.001	0.001	0.002	0.001	0.994	1.000	0.000	0.065
19.603	0.001	0.000	0.002	0.002	0.992	0.999	0.000	0.067
19.622	0.001	0.000	0.002	0.002	0.996	1.003	0.000	0.063
19.642	0.001	0.000	0.002	0.002	0.997	1.004	0.000	0.069
19.661	0.001	0.001	0.002	0.001	0.997	1.003	0.000	0.054
19.684	0.000	0.001	0.001	0.001	0.993	1.000	0.000	0.069
19.704	-0.000	0.001	0.001	0.001	0.994	1.000	0.000	0.059
19.723	-0.001	0.000	0.000	0.000	0.998	1.004	0.000	0.077
19.743	-0.001	0.000	-0.000	-0.000	0.996	1.003	0.000	0.063
19.763	-0.001	-0.000	-0.001	-0.000	0.995	1.001	0.000	0.069
19.783	-0.001	-0.000	-0.001	-0.001	0.991	0.998	0.000	0.070
19.803	-0.001	-0.001	-0.002	-0.001	0.991	0.998	0.000	0.067
19.823	-0.001	-0.001	-0.002	-0.001	0.996	1.002	0.000	0.063
19.842	-0.001	-0.001	-0.002	-0.001	0.996	1.002	0.000	0.068
19.863	-0.000	-0.001	-0.001	-0.001	0.994	1.001	0.000	0.066
19.883	0.000	-0.001	-0.001	-0.000	0.992	0.998	0.000	0.069
19.901	0.000	-0.001	-0.001	-0.000	0.992	0.999	0.000	0.063
19.921	0.000	-0.001	-0.000	0.000	0.995	1.002	0.000	0.069
19.942	0.000	-0.000	-0.000	0.001	0.994	1.001	0.000	0.065
19.962	0.000	-0.000	0.000	0.001	0.993	0.999	0.000	0.059
19.982	0.000	-0.000	0.001	0.001	0.991	0.998	0.000	0.072
20.002	-0.000	-0.001	0.001	0.001	0.992	0.999	0.000	0.069
20.022	-0.001	-0.001	0.000	0.001	0.997	1.003	0.000	0.064
20.042	-0.001	-0.002	0.000	0.000	0.995	1.001	0.000	0.065
20.064	-0.001	-0.002	0.000	-0.000	0.994	1.000	0.000	0.067
20.082	-0.002	-0.002	-0.000	-0.001	0.991	0.998	0.000	0.063
20.102	-0.002	-0.001	-0.000	-0.001	0.995	1.001	0.000	0.064
20.123	-0.002	-0.001	-0.000	-0.002	0.995	1.002	0.000	0.064
20.142	-0.002	-0.001	-0.000	-0.001	0.994	1.001	0.000	0.062
20.162	-0.002	-0.000	0.000	-0.001	0.994	1.000	0.000	0.074
20.183	-0.001	-0.000	0.000	-0.000	0.990	0.997	0.000	0.071
20.202	-0.001	0.000	0.000	0.000	0.992	0.998	0.000	0.067
20.222	-0.001	0.000	-0.000	0.001	0.993	1.000	0.000	0.064
20.242	-0.000	0.000	-0.000	0.001	0.994	1.001	0.000	0.064
20.262	-0.000	0.000	-0.001	0.001	0.992	1.000	0.000	0.066
20.283	-0.001	0.000	-0.001	0.000	0.991	0.998	0.000	0.065
20.301	-0.001	-0.000	-0.002	-0.000	0.993	0.999	0.000	0.060
20.322	-0.001	-0.000	-0.002	-0.001	0.997	1.003	0.000	0.073
20.342	-0.001	0.000	-0.002	-0.001	0.998	1.004	0.000	0.066
20.362	-0.001	0.000	-0.002	-0.001	0.996	1.002	0.000	0.054
20.382	-0.001	0.001	-0.002	-0.001	0.993	0.999	0.000	0.067
20.403	-0.000	0.001	-0.001	-0.001	0.995	1.001	0.000	0.068
20.423	0.000	0.001	-0.001	-0.001	0.998	1.004	0.000	0.064
20.443	0.001	0.001	-0.001	-0.001	0.997	1.004	0.000	0.064
20.462	0.001	0.001	-0.000	-0.001	0.998	1.004	0.000	0.067
20.484	0.002	0.001	0.000	-0.001	0.995	1.002	0.000	0.062
20.502	0.002	0.001	0.000	-0.001	0.996	1.003	0.000	0.063
20.522	0.002	0.001	0.001	-0.000	0.997	1.004	0.000	0.053
20.542	0.002	0.001	0.001	-0.000	0.995	1.002	0.000	0.066
20.563	0.002	0.001	0.002	0.000	0.996	1.002	0.000	0.067
20.582	0.002	0.001	0.002	0.001	0.994	1.000	0.000	0.059
20.603	0.001	0.000	0.002	0.001	0.995	1.001	0.000	0.067
20.622	0.001	0.000	0.002	0.001	0.998	1.004	0.000	0.061
20.643	0.001	0.000	0.002	0.001	0.999	1.005	0.000	0.072
20.663	0.000	0.000	0.002	0.001	0.997	1.004	0.000	0.067
20.683	-0.000	0.000	0.001	0.001	0.992	0.999	0.000	0.076
20.703	-0.001	-0.000	0.001	0.001	0.991	0.999	0.000	0.057
20.722	-0.002	-0.000	0.001	0.000	0.995	1.001	0.000	0.062
20.745	-0.002	-0.001	0.000	0.000	0.993	1.000	0.000	0.068
20.764	-0.003	-0.001	-0.000	0.000	0.994	1.000	0.000	0.065
20.783	-0.003	-0.001	-0.000	0.000	0.993	0.999	0.000	0.065
20.802	-0.003	-0.001	-0.000	0.000	0.994	1.001	0.000	0.064
20.822	-0.002	-0.001	-0.001	-0.000	0.997	1.003	0.000	0.063
20.843	-0.002	-0.001	-0.000	-0.000	0.996	1.003	0.000	0.065
20.863	-0.001	-0.001	-0.000	-0.000	0.996	1.002	0.000	0.069
20.882	0.000	-0.000	-0.000	-0.000	0.994	1.000	0.000	0.066
20.903	0.001	-0.000	0.000	-0.001	0.994	1.001	0.000	0.062
20.924	0.001	-0.000	0.000	-0.001	0.998	1.004	0.000	0.056
20.944	0.002	-0.000	-0.000	-0.001	0.999	1.005	0.000	0.065
20.962	0.002	-0.000	-0.000	-0.001	0.998	1.005	0.000	0.066
20.984	0.001	-0.000	-0.001	-0.001	0.994	1.001	0.000	0.072
21.003	0.001	-0.000	-0.001	-0.002	0.991	0.998	0.000	0.066
21.024	-0.000	-0.001	-0.002	-0.002	0.995	1.002	0.000	0.065
21.043	-0.001	-0.001	-0.002	-0.002	0.995	1.002	0.000	0.066
21.064	-0.001	-0.001	-0.002	-0.003	0.993	1.000	0.000	0.065
21.083	-0.001	-0.001	-0.002	-0.003	0.991	0.998	0.000	0.067
21.103	-0.001	-0.001	-0.002	-0.003	0.992	0.998	0.000	0.066
21.123	-0.001	-0.001	-0.002	-0.003	0.996	1.002	0.000	0.064
21.142	-0.001	-0.001	-0.001	-0.002	0.994	1.001	0.000	0.066
21.162	-0.000	-0.001	-0.001	-0.002	0.995	1.001	0.000	0.059
21.183	-0.000	-0.001	-0.001	-0.001	0.994	1.000	0.000	0.069
21.204	0.000	-0.001	-0.000	-0.001	0.993	1.000	0.000	0.063
21.224	0.000	-0.001	0.000	-0.000	0.996	1.003	0.000	0.066
21.243	0.001	-0.000	0.000	0.000	0.995	1.001	0.000	0.070
21.262	0.001	0.000	0.001	0.001	0.994	1.000	0.000	0.064
21.282	0.000	0.000	0.001	0.001	0.991	0.998	0.000	0.055
21.302	-0.000	0.000	0.000	0.000	0.993	0.999	0.000	0.061
21.322	-0.001	0.000	0.000	0.000	0.997	1.003	0.000	0.062
21.342	-0.001	-0.000	-0.000	-0.000	0.998	1.004	0.000	0.069
21.363	-0.001	-0.000	-0.001	-0.000	0.994	1.001	0.000	0.060
21.384	-0.001	-0.001	-0.001	-0.000	0.992	0.999	0.000	0.063
21.403	-0.001	-0.001	-0.001	-0.001	0.992	0.999	0.000	0.063
21.422	-0.002	-0.002	-0.002	-0.001	0.996	1.003	0.000	0.065
21.442	-0.001	-0.002	-0.002	-0.001	0.997	1.003	0.000	0.063
21.462	-0.001	-0.002	-0.002	-0.001	0.998	1.004	0.000	0.064
21.482	-0.001	-0.002	-0.002	-0.001	0.995	1.001	0.000	0.065
21.503	-0.000	-0.002	-0.002	-0.001	0.994	1.001	0.000	0.061
21.522	-0.000	-0.002	-0.002	-0.001	0.996	1.003	0.000	0.061
21.543	0.000	-0.001	-0.001	-0.001	0.995	1.002	0.000	0.055
21.563	0.000	-0.001	-0.001	-0.001	0.993	1.000	0.000	0.066
21.582	0.001	-0.000	-0.001	-0.001	0.992	0.998	0.000	0.061
21.604	0.000	-0.000	-0.000	-0.001	0.991	0.998	0.000	0.064
21.622	0.000	-0.000	-0.000	-0.001	0.996	1.002	0.000	0.060
21.641	0.000	-0.000	0.000	-0.001	0.996	1.002	0.000	0.066
21.662	0.000	-0.000	0.000	-0.001	0.995	1.002	0.000	0.062
21.683	-0.000	-0.001	0.000	-0.001	0.992	0.999	0.000	0.061
21.702	-0.001	-0.001	0.000	-0.000	0.992	0.999	0.000	0.067
21.723	-0.001	-0.001	0.000	-0.000	0.995	1.001	0.000	0.062
21.743	-0.001	-0.001	-0.000	0.000	0.996	1.002	0.000	0.063
21.762	-0.001	-0.001	-0.000	0.000	0.995	1.002	0.000	0.058
21.782	-0.001	-0.001	-0.001	0.000	0.992	0.999	0.000	0.067
21.803	-0.001	-0.001	-0.001	0.000	0.992	0.999	0.000	0.058
21.822	-0.001	-0.001	-0.001	0.000	0.997	1.003	0.000	0.072
21.844	-0.001	-0.001	-0.001	-0.000	0.995	1.002	0.000	0.063
21.863	-0.001	-0.001	-0.001	-0.000	0.995	1.001	0.000	0.060
21.883	-0.000	-0.000	-0.001	-0.000	0.991	0.997	0.000	0.070
21.903	-0.000	-0.000	-0.001	-0.000	0.992	0.999	0.000	0.061
21.923	0.000	-0.000	-0.000	-0.000	0.995	1.002	0.000	0.065
21.943	0.000	-0.000	-0.000	-0.000	0.996	1.002	0.000	0.059
21.961	0.001	0.000	0.000	-0.000	0.993	1.000	0.000	0.064
21.983	0.001	0.000	0.000	-0.000	0.989	0.997	0.000	0.056
22.002	0.001	0.000	0.000	-0.000	0.991	0.998	0.000	0.060
22.022	0.001	0.001	0.000	0.000	0.995	1.001	0.000	0.064
22.041	0.001	0.001	0.000	0.001	0.993	1.000	0.000	0.061
22.062	0.001	0.001	0.000	0.001	0.994	1.001	0.000	0.059
22.083	0.001	0.001	0.000	0.001	0.991	0.998	0.000	0.059
22.102	0.001	0.001	0.000	0.001	0.994	1.000	0.000	0.062
22.122	0.001	0.001	0.000	0.001	0.996	1.002	0.000	0.058
22.142	0.001	0.001	0.000	0.001	0.997	1.004	0.000	0.058
22.162	0.001	0.000	0.000	0.001	0.997	1.003	0.000	0.061
22.182	0.001	-0.000	0.001	0.000	0.990	0.997	0.000	0.067
22.203	0.001	-0.000	0.001	0.000	0.992	0.999	0.000	0.063
22.223	0.000	-0.000	0.001	-0.000	0.995	1.001	0.000	0.058
22.243	0.000	-0.000	0.001	-0.000	0.995	1.001	0.000	0.067
22.262	0.000	0.000	0.001	-0.000	0.995	1.001	0.000	0.065
22.282	0.000	0.000	0.001	-0.000	0.992	0.999	0.000	0.055
22.303	0.000	0.000	0.001	-0.000	0.993	0.999	0.000	0.058
22.322	0.000	0.000	0.001	-0.001	0.997	1.003	0.000	0.061
22.342	0.000	0.001	0.000	-0.001	0.997	1.004	0.000	0.067
22.362	0.001	0.001	0.000	-0.000	0.992	1.000	0.000	0.057
22.383	0.001	0.001	0.000	0.000	0.993	0.999	0.000	0.072
22.402	0.001	0.001	0.000	0.000	0.991	0.998	0.000	0.059
22.422	0.001	0.001	0.000	0.001	0.993	0.999	0.000	0.055
22.442	0.001	0.002	0.001	0.002	0.997	1.003	0.000	0.062
22.463	0.001	0.002	0.001	0.002	0.996	1.003	0.000	0.066
22.482	0.001	0.002	0.001	0.003	0.992	0.999	0.000	0.064
22.503	0.001	0.002	0.002	0.003	0.992	0.999	0.000	0.065
22.523	0.001	0.002	0.002	0.002	0.996	1.002	0.000	0.063
22.542	0.002	0.002	0.002	0.002	0.996	1.003	0.000	0.064
22.563	0.002	0.002	0.002	0.002	0.992	0.999	0.000	0.048
22.582	0.002	0.002	0.002	0.002	0.992	0.998	0.000	0.063
22.603	0.002	0.002	0.001	0.001	0.995	1.000	0.000	0.061
22.621	0.002	0.002	0.001	0.001	0.999	1.005	0.000	0.067
22.642	0.002	0.002	0.001	0.001	0.998	1.004	0.000	0.064
22.662	0.002	0.002	0.001	0.001	0.996	1.003	0.000	0.057
22.683	0.001	0.002	0.001	0.001	0.990	0.997	0.000	0.056
22.702	0.001	0.002	0.001	0.001	0.993	1.000	0.000	0.063
22.722	0.001	0.002	0.002	0.002	0.995	1.001	0.000	0.057
22.743	0.000	0.002	0.002	0.002	0.997	1.003	0.000	0.061
22.762	0.000	0.002	0.002	0.002	0.995	1.002	0.000	0.075
22.781	-0.000	0.002	0.002	0.002	0.991	0.998	0.000	0.064
22.802	-0.000	0.002	0.002	0.002	0.993	0.999	0.000	0.057
22.823	-0.001	0.001	0.001	0.002	0.996	1.002	0.000	0.061
22.843	-0.001	0.001	0.001	0.001	0.998	1.004	0.000	0.062
22.862	-0.001	0.001	0.001	0.000	0.996	1.003	0.000	0.063
22.883	-0.001	0.001	0.000	-0.000	0.992	0.999	0.000	0.063
22.902	-0.001	0.001	-0.000	-0.001	0.993	1.000	0.000	0.069
22.922	-0.001	0.001	-0.001	-0.001	0.995	1.002	0.000	0.063
22.943	-0.000	0.001	-0.001	-0.001	0.998	1.004	0.000	0.054
22.962	-0.000	0.001	-0.001	-0.001	0.996	1.003	0.000	0.057
22.982	0.000	0.001	-0.001	-0.000	0.994	1.000	0.000	0.068
23.002	0.000	0.001	-0.000	0.000	0.992	0.999	0.000	0.067
23.022	0.001	0.001	-0.000	0.001	0.995	1.002	0.000	0.064
23.042	0.001	0.001	-0.000	0.001	0.996	1.002	0.000	0.064
23.062	0.001	0.001	-0.000	0.001	0.995	1.002	0.000	0.059
23.082	0.000	0.001	-0.001	0.001	0.995	1.000	0.000	0.072
23.103	0.000	0.000	-0.001	0.001	0.992	0.999	0.000	0.061
23.123	-0.000	-0.000	-0.001	0.001	0.994	1.001	0.000	0.065
23.142	-0.001	-0.000	-0.001	0.001	0.995	1.002	0.000	0.070
23.162	-0.001	-0.000	-0.001	0.000	0.994	1.001	0.000	0.062
23.183	-0.001	-0.000	-0.000	0.000	0.990	0.997	0.000	0.059
23.202	-0.001	-0.000	-0.000	-0.000	0.991	0.997	0.000	0.066
23.222	-0.001	-0.000	-0.000	-0.000	0.993	1.000	0.000	0.060
23.243	-0.001	-0.000	-0.000	-0.001	0.996	1.002	0.000	0.065
23.262	-0.001	-0.000	-0.000	-0.001	0.995	1.001	0.000	0.065
23.282	-0.001	-0.000	-0.000	-0.001	0.993	0.999	0.000	0.070
23.301	-0.001	-0.000	-0.001	-0.002	0.994	1.000	0.000	0.061
23.322	-0.001	-0.001	-0.001	-0.002	0.994	1.001	0.000	0.061
23.343	-0.001	-0.001	-0.001	-0.002	0.995	1.002	0.000	0.063
23.361	-0.000	-0.001	-0.001	-0.001	0.995	1.001	0.000	0.061
23.382	0.000	-0.001	-0.000	-0.001	0.993	0.999	0.000	0.060
23.402	0.000	-0.001	0.000	-0.001	0.994	1.001	0.000	0.063
23.422	0.000	-0.001	0.000	-0.000	0.996	1.003	0.000	0.060
23.443	0.000	-0.002	0.000	0.000	0.997	1.003	0.000	0.062
23.463	0.000	-0.001	0.000	0.000	0.998	1.003	0.000	0.059
23.484	0.001	-0.001	0.000	0.000	0.994	1.001	0.000	0.065
23.503	0.001	-0.001	0.000	-0.000	0.994	1.001	0.000	0.060
23.523	0.000	-0.002	0.000	-0.000	0.996	1.002	0.000	0.066
23.543	0.000	-0.002	-0.000	-0.001	0.997	1.003	0.000	0.064
23.562	0.001	-0.001	-0.000	-0.001	0.997	1.004	0.000	0.063
23.582	0.001	-0.001	-0.000	-0.001	0.993	1.000	0.000	0.059
23.603	0.001	-0.001	0.000	-0.001	0.993	1.000	0.000	0.069
23.623	0.001	-0.001	0.000	-0.001	0.994	1.000	0.000	0.062
23.643	0.001	0.000	0.001	-0.001	0.996	1.002	0.000	0.057
23.663	0.001	0.001	0.001	-0.001	0.994	1.000	0.000	0.062
23.682	0.001	0.001	0.001	-0.001	0.991	0.998	0.000	0.067
23.703	0.001	0.001	0.001	-0.001	0.991	0.998	0.000	0.066
23.723	0.001	0.001	0.001	-0.000	0.995	1.001	0.000	0.057
23.742	0.001	0.001	0.001	-0.000	0.997	1.003	0.000	0.061
23.763	0.001	0.001	0.001	-0.000	0.997	1.004	0.000	0.061
23.784	0.001	0.001	0.000	-0.000	0.993	1.000	0.000	0.077
23.803	0.000	0.000	0.000	-0.000	0.994	1.001	0.000	0.063
23.823	-0.000	-0.000	-0.000	0.000	0.995	1.001	0.000	0.060
23.842	-0.000	-0.001	-0.000	0.000	0.995	1.002	0.000	0.064
23.862	-0.000	-0.001	-0.000	0.000	0.995	1.001	0.000	0.067
23.883	-0.000	-0.001	-0.000	0.000	0.993	1.000	0.000	0.063
23.902	-0.001	-0.001	-0.000	-0.000	0.993	0.999	0.000	0.068
23.924	-0.001	-0.001	-0.000	-0.000	0.994	1.001	0.000	0.066
23.943	-0.001	-0.001	-0.001	-0.000	0.997	1.003	0.000	0.075
23.964	-0.001	-0.000	-0.001	-0.000	0.994	1.001	0.000	0.065
23.984	-0.001	0.000	-0.000	-0.000	0.990	0.997	0.000	0.076
24.002	-0.001	0.000	-0.000	-0.000	0.991	0.997	0.000	0.064
24.022	-0.001	0.000	-0.000	0.000	0.992	0.999	0.000	0.063
24.043	-0.000	-0.000	0.000	0.000	0.995	1.001	0.000	0.066
24.062	0.000	-0.000	0.000	0.000	0.994	1.000	0.000	0.060
24.082	0.001	-0.000	0.001	0.000	0.991	0.998	0.000	0.061
24.103	0.001	-0.001	0.001	0.000	0.991	0.998	0.000	0.065
24.122	0.000	-0.001	0.000	-0.000	0.995	1.002	0.000	0.060
24.142	-0.000	-0.001	-0.000	-0.001	0.998	1.004	0.000	0.060
24.163	-0.000	-0.000	-0.000	-0.001	0.998	1.004	0.000	0.064
24.184	-0.000	0.000	-0.000	-0.000	0.995	1.002	0.000	0.065
24.202	-0.001	0.000	-0.000	-0.000	0.995	1.002	0.000	0.069
24.222	-0.001	0.001	-0.000	-0.000	0.995	1.002	0.000	0.063
24.243	-0.001	0.001	-0.000	-0.000	0.998	1.004	0.000	0.066
24.263	-0.001	0.001	-0.000	-0.000	0.997	1.004	0.000	0.068
24.282	-0.001	0.001	-0.000	-0.000	0.992	0.999	0.000	0.065
24.303	-0.000	0.001	-0.000	-0.000	0.992	0.999	0.000	0.063
24.322	-0.000	0.001	-0.000	-0.000	0.996	1.002	0.000	0.067
24.343	0.000	0.001	-0.000	0.000	0.998	1.005	0.000	0.064
24.362	0.001	0.001	0.000	0.001	0.997	1.004	0.000	0.072
24.382	0.001	0.001	0.000	0.001	0.994	1.000	0.000	0.061
24.404	0.001	0.001	0.000	0.001	0.995	1.001	0.000	0.063
24.422	0.001	0.001	0.000	0.002	0.995	1.002	0.000	0.065
24.442	0.001	0.001	0.000	0.002	0.999	1.005	0.000	0.062
24.462	0.001	0.001	0.000	0.002	0.998	1.004	0.000	0.062
24.484	0.001	0.001	0.000	0.001	0.994	1.001	0.000	0.067
24.503	0.001	0.001	0.000	0.001	0.995	1.001	0.000	0.075
24.523	0.000	0.001	-0.000	-0.000	0.994	1.001	0.000	0.063
24.545	0.000	0.001	-0.000	-0.001	0.995	1.002	0.000	0.069
24.563	0.001	0.000	-0.001	-0.001	0.997	1.002	0.000	0.067
24.582	0.001	0.000	-0.001	-0.001	0.992	0.999	0.000	0.069
24.605	0.001	0.000	-0.001	-0.001	0.992	0.999	0.000	0.054
24.622	0.001	-0.000	-0.001	-0.001	0.995	1.001	0.000	0.064
24.644	0.001	-0.000	-0.001	-0.000	0.997	1.004	0.000	0.064
24.662	0.001	-0.000	-0.000	0.000	0.996	1.003	0.000	0.073
24.683	0.001	-0.000	-0.000	0.001	0.992	0.999	0.000	0.069
24.703	0.001	-0.000	0.000	0.001	0.994	0.999	0.000	0.070
24.723	0.000	-0.000	0.000	0.001	0.994	1.001	0.000	0.065
24.743	0.000	0.000	0.001	0.001	0.994	1.001	0.000	0.065
24.763	0.000	0.000	0.001	0.002	0.996	1.002	0.000	0.057
24.783	0.000	0.001	0.001	0.002	0.992	0.998	0.000	0.067
24.802	-0.000	0.001	0.001	0.002	0.994	1.000	0.000	0.061
24.823	-0.000	0.000	0.001	0.002	0.994	1.001	0.000	0.066
24.843	-0.000	-0.000	0.001	0.001	0.998	1.004	0.000	0.068
24.862	-0.000	-0.001	0.000	0.001	0.996	1.003	0.000	0.063
24.882	0.000	-0.001	0.000	0.000	0.994	1.000	0.000	0.063
24.903	-0.000	-0.002	-0.000	-0.000	0.991	0.998	0.000	0.062
24.922	-0.000	-0.002	-0.001	-0.001	0.995	1.001	0.000	0.069
24.943	-0.000	-0.002	-0.001	-0.001	0.995	1.002	0.000	0.071
24.962	-0.000	-0.002	-0.001	-0.001	0.994	1.000	0.000	0.053
24.983	-0.000	-0.001	-0.001	-0.001	0.991	0.998	0.000	0.067
25.001	-0.000	-0.001	-0.001	-0.001	0.992	0.999	0.000	0.066
25.022	-0.000	-0.000	-0.002	-0.001	0.993	1.000	0.000	0.064
25.043	-0.000	-0.000	-0.002	-0.001	0.996	1.002	0.000	0.066
25.064	-0.000	0.000	-0.002	-0.000	0.997	1.003	0.000	0.070
25.083	-0.000	0.000	-0.002	-0.000	0.994	1.000	0.000	0.059
25.103	-0.000	-0.000	-0.002	-0.000	0.992	0.999	0.000	0.073
25.123	0.000	-0.000	-0.001	-0.000	0.993	1.000	0.000	0.065
25.143	0.000	-0.000	-0.001	0.000	0.996	1.003	0.000	0.061
25.163	0.000	-0.000	-0.001	0.001	0.995	1.002	0.000	0.069
25.183	0.000	-0.000	-0.001	0.001	0.991	0.998	0.000	0.062
25.203	0.000	-0.000	-0.000	0.001	0.993	0.999	0.000	0.068
25.223	-0.000	-0.000	-0.000	0.001	0.993	1.000	0.000	0.065
25.245	-0.000	0.000	0.000	0.001	0.996	1.002	0.000	0.059
25.263	-0.000	0.000	0.001	0.001	0.994	1.001	0.000	0.066
25.284	-0.000	0.001	0.001	0.002	0.991	0.998	0.000	0.068
25.303	-0.001	0.001	0.001	0.002	0.990	0.997	0.000	0.066
25.323	-0.001	0.001	0.001	0.001	0.992	0.999	0.000	0.073
25.343	-0.001	0.000	0.001	0.001	0.997	1.003	0.000	0.067
25.363	-0.000	0.000	0.001	0.001	0.997	1.003	0.000	0.066
25.383	-0.000	-0.000	0.001	0.001	0.992	0.999	0.000	0.069
25.404	-0.000	-0.001	0.001	0.001	0.992	0.998	0.000	0.060
25.423	-0.000	-0.001	0.000	0.000	0.993	1.000	0.000	0.071
25.442	-0.000	-0.001	0.000	0.000	0.998	1.003	0.000	0.066
25.463	-0.000	-0.001	0.000	0.000	0.995	1.002	0.000	0.068
25.483	-0.000	-0.001	0.000	0.000	0.990	0.997	0.000	0.069
25.502	-0.000	-0.001	0.000	0.000	0.991	0.998	0.000	0.064
25.522	-0.001	-0.001	0.000	-0.000	0.994	1.000	0.000	0.072
25.543	-0.001	-0.001	-0.000	-0.000	0.996	1.002	0.000	0.066
25.563	-0.001	-0.000	-0.000	-0.000	0.995	1.001	0.000	0.056
25.583	-0.001	-0.000	-0.000	-0.000	0.993	0.999	0.000	0.066
25.602	-0.001	-0.000	-0.000	-0.000	0.993	1.000	0.000	0.068
25.623	-0.001	0.000	0.000	-0.000	0.993	1.000	0.000	0.063
25.643	-0.001	0.000	0.001	0.000	0.997	1.003	0.000	0.058
25.662	-0.001	0.000	0.001	0.001	0.992	1.000	0.000	0.066
25.683	-0.000	0.000	0.002	0.001	0.991	0.998	0.000	0.064
25.703	-0.001	-0.000	0.002	0.001	0.994	0.999	0.000	0.065
25.723	-0.001	-0.001	0.001	0.000	0.995	1.001	0.000	0.066
25.743	-0.001	-0.001	0.001	-0.000	0.996	1.003	0.000	0.067
25.762	-0.001	-0.001	0.000	-0.001	0.997	1.003	0.000	0.069
25.782	-0.001	-0.001	0.000	-0.001	0.995	1.001	0.000	0.069
25.802	-0.001	-0.001	-0.000	-0.002	0.992	0.999	0.000	0.073
25.823	-0.001	-0.002	-0.001	-0.002	0.994	1.000	0.000	0.061
25.843	-0.002	-0.002	-0.001	-0.002	0.996	1.003	0.000	0.062
25.863	-0.002	-0.002	-0.001	-0.002	0.995	1.001	0.000	0.064
25.884	-0.002	-0.001	-0.001	-0.002	0.991	0.998	0.000	0.072
25.903	-0.002	-0.001	-0.001	-0.002	0.993	0.999	0.000	0.076
25.923	-0.002	-0.001	-0.001	-0.002	0.994	1.000	0.000	0.063
25.943	-0.002	-0.001	-0.001	-0.002	0.996	1.002	0.000	0.062
25.963	-0.001	-0.001	-0.000	-0.001	0.995	1.001	0.000	0.065
25.984	-0.000	-0.001	0.000	-0.001	0.993	1.000	0.000	0.062
26.004	0.000	-0.001	0.000	-0.001	0.992	0.999	0.000	0.065
26.022	0.001	-0.001	0.001	-0.001	0.991	0.998	0.000	0.071
26.043	0.001	-0.000	0.001	-0.001	0.996	1.002	0.000	0.076
26.063	0.001	-0.000	0.001	-0.000	0.995	1.002	0.000	0.059
26.083	0.001	0.000	0.001	0.000	0.993	0.999	0.000	0.059
26.103	0.001	0.000	0.001	0.000	0.992	0.999	0.000	0.064
26.122	0.001	0.000	0.001	0.000	0.995	1.001	0.000	0.072
26.143	0.001	0.001	0.001	0.000	0.998	1.004	0.000	0.067
26.163	0.001	0.001	0.001	0.000	0.996	1.002	0.000	0.063
26.182	0.001	0.001	0.000	0.000	0.996	1.001	0.000	0.067
26.204	0.001	0.001	0.000	0.000	0.993	1.000	0.000	0.067
26.224	0.001	0.001	-0.000	-0.000	0.994	1.001	0.000	0.061
26.243	0.001	0.001	-0.000	-0.000	0.997	1.004	0.000	0.064
26.263	0.001	0.001	0.000	0.000	0.994	1.001	0.000	0.066
26.283	0.001	0.001	0.000	0.000	0.992	0.999	0.000	0.068
26.303	0.001	0.001	0.001	0.000	0.991	0.998	0.000	0.063
26.323	0.001	0.000	0.001	-0.000	0.993	0.999	0.000	0.063
26.342	0.000	-0.000	0.001	-0.000	0.995	1.001	0.000	0.073
26.363	0.000	-0.000	0.001	-0.000	0.995	1.001	0.000	0.066
26.382	-0.000	-0.000	0.001	-0.000	0.992	0.999	0.000	0.059
26.403	-0.000	-0.000	0.001	-0.000	0.991	0.997	0.000	0.069
26.424	-0.000	-0.001	0.000	-0.000	0.993	0.999	0.000	0.060
26.444	-0.000	-0.001	-0.000	-0.000	0.996	1.002	0.000	0.071
26.462	0.000	-0.001	-0.000	0.000	0.994	1.001	0.000	0.069
26.481	0.001	-0.000	-0.001	0.000	0.991	0.997	0.000	0.062
26.503	0.001	-0.000	-0.001	0.000	0.989	0.996	0.000	0.063
26.522	0.001	-0.000	-0.002	0.000	0.991	0.998	0.000	0.069
26.542	0.001	-0.000	-0.002	0.000	0.994	1.000	0.000	0.065
26.562	0.001	0.000	-0.002	0.000	0.995	1.001	0.000	0.069
26.583	0.001	0.001	-0.002	0.000	0.992	0.998	0.000	0.063
26.603	0.000	0.001	-0.002	0.000	0.992	0.999	0.000	0.066
26.622	0.000	0.001	-0.002	-0.000	0.992	0.999	0.000	0.069
26.644	0.000	0.002	-0.001	-0.000	0.995	1.001	0.000	0.070
26.663	0.001	0.002	-0.001	-0.000	0.995	1.001	0.000	0.064
26.682	0.001	0.002	-0.000	-0.000	0.994	1.000	0.000	0.062
26.704	0.001	0.001	0.000	0.000	0.994	1.000	0.000	0.063
26.723	0.001	0.001	0.001	0.000	0.994	1.001	0.000	0.068
26.742	0.001	0.001	0.001	0.000	0.997	1.004	0.000	0.063
26.764	0.001	0.001	0.001	0.000	0.996	1.002	0.000	0.065
26.783	0.002	0.001	0.001	0.000	0.993	0.999	0.000	0.061
26.803	0.001	0.001	0.001	0.001	0.992	0.999	0.000	0.066
26.822	0.001	0.000	0.001	0.001	0.993	1.000	0.000	0.063
26.844	0.001	0.000	0.001	0.001	0.997	1.003	0.000	0.066
26.864	0.001	-0.000	0.000	0.000	0.995	1.002	0.000	0.064
26.884	0.000	0.000	0.000	0.000	0.994	1.000	0.000	0.067
26.903	0.000	0.000	-0.000	0.000	0.994	1.000	0.000	0.063
26.923	-0.000	0.000	-0.000	0.000	0.992	1.000	0.000	0.076
26.943	-0.000	0.001	-0.000	0.000	0.996	1.002	0.000	0.065
26.964	0.000	0.001	0.000	0.000	0.996	1.002	0.000	0.055
26.983	0.000	0.001	0.000	0.001	0.993	1.000	0.000	0.067
27.004	0.000	0.002	0.000	0.000	0.992	0.999	0.000	0.063
27.024	0.000	0.001	0.000	-0.000	0.995	1.001	0.000	0.064
27.044	0.000	0.001	-0.000	-0.000	0.997	1.003	0.000	0.065
27.062	0.000	0.001	-0.000	-0.001	0.996	1.002	0.000	0.060
27.083	0.000	0.000	-0.000	-0.001	0.994	1.000	0.000	0.068
27.103	0.000	-0.000	-0.000	-0.001	0.994	1.000	0.000	0.066
27.124	-0.000	-0.001	-0.000	-0.001	0.994	1.000	0.000	0.070
27.142	-0.001	-0.001	-0.000	-0.001	0.996	1.003	0.000	0.061
27.163	-0.001	-0.001	-0.000	-0.001	0.996	1.002	0.000	0.067
27.184	-0.001	-0.000	0.000	-0.001	0.994	1.000	0.000	0.063
27.202	-0.001	-0.000	0.000	-0.001	0.991	0.998	0.000	0.061
27.224	-0.001	-0.000	0.000	-0.001	0.992	0.999	0.000	0.063
27.243	-0.001	-0.000	0.000	-0.001	0.996	1.002	0.000	0.067
27.262	-0.001	-0.000	0.000	-0.000	0.996	1.002	0.000	0.063
27.283	-0.001	-0.000	0.000	-0.000	0.994	1.001	0.000	0.077
27.302	-0.001	-0.000	0.000	0.000	0.992	0.999	0.000	0.067
27.323	-0.001	-0.000	-0.000	0.000	0.993	1.000	0.000	0.071
27.342	-0.001	-0.000	-0.000	0.001	0.997	1.004	0.000	0.065
27.362	-0.000	0.000	0.000	0.001	0.996	1.003	0.000	0.054
27.383	-0.000	0.001	0.001	0.001	0.994	1.000	0.000	0.065
27.402	-0.000	0.001	0.001	0.002	0.993	1.000	0.000	0.062
27.422	0.000	0.001	0.001	0.001	0.994	1.001	0.000	0.067
27.442	0.001	0.001	0.001	0.001	0.996	1.003	0.000	0.065
27.462	0.001	0.001	0.001	0.001	0.996	1.003	0.000	0.076
27.483	0.002	0.001	0.001	0.000	0.993	1.000	0.000	0.065
27.502	0.002	0.001	0.001	0.000	0.991	0.998	0.000	0.060
27.523	0.002	0.001	0.001	-0.000	0.991	0.997	0.000	0.063
27.543	0.002	0.001	0.001	-0.000	0.998	1.004	0.000	0.063
27.563	0.002	0.001	0.001	-0.000	0.994	1.002	0.000	0.067
27.581	0.002	0.001	0.001	0.000	0.992	0.999	0.000	0.058
27.603	0.002	0.001	0.001	0.000	0.992	0.998	0.000	0.070
27.623	0.001	0.000	0.001	0.000	0.993	1.000	0.000	0.060
27.643	0.001	0.000	0.000	0.001	0.997	1.004	0.000	0.066
27.662	0.001	0.000	0.000	0.001	0.997	1.004	0.000	0.067
27.682	0.000	-0.000	0.000	0.001	0.994	1.000	0.000	0.073
27.702	0.000	-0.000	-0.000	0.000	0.992	0.999	0.000	0.076
27.722	-0.000	-0.001	-0.000	-0.000	0.992	0.999	0.000	0.066
27.744	-0.001	-0.001	-0.001	-0.000	0.995	1.002	0.000	0.062
27.763	-0.001	-0.001	-0.001	-0.000	0.994	1.000	0.000	0.063
27.783	-0.001	-0.001	-0.001	-0.000	0.993	0.999	0.000	0.066
27.803	-0.002	-0.001	-0.001	-0.000	0.992	0.999	0.000	0.074
27.824	-0.002	-0.001	-0.001	-0.001	0.992	0.999	0.000	0.066
27.845	-0.003	-0.001	-0.001	-0.001	0.996	1.002	0.000	0.060
27.863	-0.002	-0.001	-0.001	-0.000	0.995	1.002	0.000	0.066
27.884	-0.002	-0.000	-0.001	-0.000	0.993	1.000	0.000	0.069
27.903	-0.002	-0.000	-0.000	0.000	0.991	0.998	0.000	0.065
27.923	-0.001	-0.000	0.000	0.001	0.990	0.997	0.000	0.064
27.942	-0.001	-0.001	0.000	0.001	0.995	1.002	0.000	0.056
27.963	-0.001	-0.000	0.001	0.001	0.998	1.003	0.000	0.065
27.983	-0.000	-0.000	0.001	0.001	0.995	1.001	0.000	0.069
28.003	-0.000	-0.000	0.001	0.001	0.993	1.000	0.000	0.076
28.023	-0.000	0.000	0.001	0.001	0.995	1.002	0.000	0.070
28.043	-0.000	0.000	0.001	0.001	0.997	1.004	0.000	0.065
28.062	0.000	0.001	0.001	0.001	0.996	1.003	0.000	0.064
28.082	0.001	0.001	0.001	0.000	0.994	1.000	0.000	0.063
28.104	0.001	0.001	0.000	0.000	0.992	0.999	0.000	0.057
28.124	0.001	0.001	-0.000	-0.000	0.992	0.999	0.000	0.060
28.142	0.001	0.001	-0.000	-0.001	0.997	1.003	0.000	0.062
28.164	0.001	0.001	-0.001	-0.001	0.997	1.003	0.000	0.074
28.184	0.002	0.001	-0.001	-0.001	0.994	1.001	0.000	0.066
28.204	0.001	0.001	-0.001	-0.001	0.992	0.999	0.000	0.054
28.223	0.001	0.000	-0.002	-0.001	0.993	1.000	0.000	0.065
28.242	0.000	-0.000	-0.002	-0.001	0.996	1.003	0.000	0.063
28.263	-0.000	-0.000	-0.002	-0.001	0.994	1.001	0.000	0.078
28.283	-0.000	-0.000	-0.002	-0.001	0.992	0.999	0.000	0.067
28.303	-0.001	-0.001	-0.002	-0.001	0.992	0.998	0.000	0.067
28.323	-0.001	-0.001	-0.002	-0.001	0.993	0.999	0.000	0.062
28.343	-0.001	-0.001	-0.002	-0.001	0.997	1.003	0.000	0.068
28.363	-0.001	-0.001	-0.002	-0.001	0.994	1.001	0.000	0.076
28.382	-0.001	-0.001	-0.001	-0.001	0.995	1.001	0.000	0.065
28.403	-0.001	-0.001	-0.001	-0.001	0.992	0.999	0.000	0.067
28.422	-0.002	-0.001	-0.001	-0.001	0.992	0.999	0.000	0.066
28.443	-0.002	-0.001	-0.001	-0.001	0.994	1.001	0.000	0.065
28.463	-0.002	-0.001	-0.001	-0.000	0.995	1.001	0.000	0.065
28.482	-0.001	-0.001	-0.001	-0.000	0.992	0.999	0.000	0.068
28.503	-0.001	-0.001	-0.001	-0.000	0.992	0.999	0.000	0.059
28.523	-0.001	-0.000	-0.001	-0.000	0.992	0.999	0.000	0.066
28.543	-0.001	-0.000	-0.002	-0.001	0.997	1.003	0.000	0.065
28.564	-0.001	-0.000	-0.002	-0.001	0.995	1.002	0.000	0.067
28.583	-0.001	-0.000	-0.002	-0.000	0.994	1.001	0.000	0.065
28.601	-0.001	-0.000	-0.002	-0.000	0.993	0.999	0.000	0.062
28.623	-0.001	0.000	-0.002	-0.000	0.992	0.999	0.000	0.063
28.642	-0.001	0.000	-0.001	-0.000	0.999	1.005	0.000	0.065
28.663	-0.000	0.001	-0.001	0.000	0.997	1.003	0.000	0.069
28.682	-0.000	0.001	-0.000	0.001	0.996	1.002	0.000	0.068
28.703	-0.001	0.001	-0.000	0.001	0.994	1.000	0.000	0.069
28.722	-0.001	0.001	0.000	0.001	0.994	1.000	0.000	0.068
28.742	-0.001	0.000	0.000	0.001	0.994	1.001	0.000	0.074
28.763	-0.001	-0.000	0.000	0.001	0.995	1.001	0.000	0.066
28.783	-0.001	-0.001	0.001	0.001	0.993	1.000	0.000	0.067
28.803	-0.001	-0.001	0.000	0.000	0.991	0.998	0.000	0.069
28.823	-0.001	-0.002	0.000	-0.000	0.992	0.999	0.000	0.067
28.842	-0.001	-0.002	0.000	-0.001	0.996	1.002	0.000	0.073
28.862	-0.001	-0.002	0.000	-0.001	0.994	1.000	0.000	0.064
28.882	-0.001	-0.001	0.001	-0.001	0.991	0.998	0.000	0.060
28.903	-0.001	-0.001	0.001	-0.001	0.991	0.997	0.000	0.065
28.923	-0.000	-0.000	0.001	-0.001	0.993	0.999	0.000	0.072
28.943	-0.000	0.001	0.002	-0.001	0.995	1.002	0.000	0.063
28.962	0.000	0.002	0.002	0.000	0.996	1.003	0.000	0.072
28.983	0.001	0.002	0.002	0.001	0.994	1.001	0.000	0.059
29.002	0.001	0.003	0.003	0.002	0.993	0.999	0.000	0.069
29.023	0.001	0.003	0.003	0.002	0.994	1.000	0.000	0.067
29.042	0.001	0.002	0.002	0.002	0.997	1.004	0.000	0.067
29.062	0.001	0.002	0.002	0.003	0.996	1.003	0.000	0.065
29.083	0.001	0.001	0.002	0.003	0.995	1.001	0.000	0.071
29.102	0.001	0.000	0.001	0.002	0.993	0.999	0.000	0.070
29.123	0.000	-0.001	0.001	0.002	0.993	0.999	0.000	0.066
29.142	-0.000	-0.001	0.000	0.001	0.997	1.003	0.000	0.055
29.162	-0.001	-0.002	-0.000	0.000	0.997	1.003	0.000	0.064
29.182	-0.001	-0.002	-0.000	-0.000	0.994	1.001	0.000	0.068
29.203	-0.001	-0.001	-0.000	-0.001	0.992	0.999	0.000	0.074
29.223	-0.001	-0.001	-0.000	-0.001	0.992	0.999	0.000	0.063
29.243	-0.000	-0.000	0.000	-0.001	0.998	1.003	0.000	0.063
29.263	0.000	0.001	0.001	-0.000	0.994	1.001	0.000	0.068
29.282	0.001	0.002	0.001	0.000	0.992	0.999	0.000	0.067
29.302	0.001	0.002	0.002	0.000	0.992	0.998	0.000	0.075
29.323	0.001	0.002	0.002	0.001	0.991	0.998	0.000	0.071
29.341	0.001	0.002	0.002	0.001	0.995	1.001	0.000	0.056
29.361	0.000	0.001	0.002	0.001	0.994	1.001	0.000	0.071
29.383	0.000	0.001	0.001	0.001	0.991	0.998	0.000	0.065
29.403	-0.000	-0.000	0.001	0.001	0.991	0.998	0.000	0.069
29.423	-0.001	-0.001	0.001	0.000	0.992	0.999	0.000	0.065
29.444	-0.001	-0.001	0.000	0.000	0.997	1.003	0.000	0.061
29.465	-0.001	-0.001	-0.000	-0.000	0.998	1.005	0.000	0.065
29.484	-0.001	-0.000	-0.000	-0.000	0.996	1.002	0.000	0.066
29.504	-0.001	-0.000	-0.001	-0.001	0.993	0.999	0.000	0.066
29.523	-0.001	-0.000	-0.001	-0.001	0.994	1.001	0.000	0.066
29.543	-0.001	-0.000	-0.001	-0.001	0.999	1.005	0.000	0.058
29.562	-0.000	-0.000	-0.001	-0.001	0.998	1.005	0.000	0.067
29.583	0.000	-0.000	-0.001	-0.001	0.996	1.002	0.000	0.065
29.602	0.000	-0.001	-0.001	-0.001	0.996	1.002	0.000	0.066
29.623	0.000	-0.001	-0.001	-0.001	0.995	1.002	0.000	0.064
29.642	0.000	-0.001	-0.001	-0.001	0.997	1.004	0.000	0.070
29.664	0.000	-0.001	-0.001	-0.000	0.995	1.002	0.000	0.071
29.682	0.000	-0.001	-0.000	0.000	0.995	1.002	0.000	0.076
29.703	0.000	-0.001	-0.000	0.001	0.992	0.999	0.000	0.074
29.723	-0.000	-0.001	0.000	0.001	0.991	0.998	0.000	0.068
29.742	-0.000	-0.001	0.001	0.001	0.994	1.001	0.000	0.064
29.763	-0.000	-0.001	0.001	0.002	0.995	1.001	0.000	0.062
29.782	-0.000	-0.000	0.001	0.002	0.994	1.001	0.000	0.067
29.802	0.000	-0.000	0.001	0.001	0.993	0.999	0.000	0.068
29.822	0.000	-0.001	0.001	0.001	0.993	1.000	0.000	0.057
29.843	0.000	-0.001	0.001	0.001	0.997	1.004	0.000	0.062
29.863	0.000	-0.001	0.000	0.000	0.997	1.003	0.000	0.067
29.882	0.000	-0.001	0.000	0.000	0.994	1.001	0.000	0.066
29.903	0.000	-0.001	-0.000	0.000	0.992	0.999	0.000	0.064
29.924	-0.000	-0.001	-0.000	0.000	0.993	1.000	0.000	0.063
29.942	-0.000	-0.001	-0.001	-0.000	0.999	1.005	0.000	0.062
29.962	-0.000	-0.001	-0.001	-0.000	0.998	1.005	0.000	0.067
29.984	0.000	-0.000	-0.000	-0.000	0.996	1.003	0.000	0.066
30.003	0.000	0.000	-0.000	-0.000	0.993	1.000	0.000	0.069
30.023	0.001	0.000	-0.000	-0.001	0.991	0.998	0.000	0.071
30.042	0.001	0.000	-0.000	-0.001	0.996	1.002	0.000	0.062
30.063	0.001	0.000	0.000	-0.001	0.997	1.003	0.000	0.071
30.085	0.001	-0.000	0.000	-0.001	0.995	1.002	0.000	0.059
30.103	0.001	-0.000	0.000	-0.002	0.991	0.998	0.000	0.069
30.122	0.001	-0.001	-0.000	-0.002	0.991	0.998	0.000	0.065
30.142	0.001	-0.001	-0.000	-0.002	0.995	1.002	0.000	0.062
30.162	0.001	-0.001	-0.001	-0.002	0.994	1.001	0.000	0.073
30.183	0.001	-0.001	-0.001	-0.001	0.994	1.000	0.000	0.066
30.203	0.000	-0.001	-0.001	-0.001	0.993	0.999	0.000	0.061
30.223	-0.000	-0.000	-0.001	-0.001	0.991	0.998	0.000	0.068
30.244	-0.001	-0.000	-0.001	-0.001	0.995	1.002	0.000	0.065
30.263	-0.001	0.000	-0.001	-0.000	0.996	1.002	0.000	0.070
30.283	-0.001	0.000	-0.001	-0.000	0.995	1.002	0.000	0.065
30.302	-0.001	0.000	-0.001	-0.000	0.994	1.000	0.000	0.063
30.323	-0.001	0.000	-0.001	-0.001	0.994	1.001	0.000	0.065
30.343	-0.001	-0.000	-0.001	-0.001	0.997	1.004	0.000	0.069
30.362	-0.001	-0.000	-0.001	-0.001	0.998	1.005	0.000	0.066
30.384	-0.001	-0.000	-0.001	-0.001	0.996	1.002	0.000	0.067
30.403	-0.001	-0.000	-0.001	-0.001	0.993	0.999	0.000	0.063
30.423	-0.001	-0.000	-0.001	-0.001	0.994	1.001	0.000	0.068
30.443	-0.001	-0.000	-0.001	-0.001	0.999	1.005	0.000	0.065
30.464	-0.000	0.000	-0.001	-0.001	0.997	1.004	0.000	0.063
30.485	-0.000	0.001	-0.001	-0.001	0.994	1.001	0.000	0.072
30.503	-0.000	0.001	-0.001	-0.001	0.991	0.998	0.000	0.069
30.525	-0.000	0.001	-0.000	-0.001	0.992	0.999	0.000	0.068
30.542	-0.000	0.002	-0.000	-0.001	0.993	1.000	0.000	0.067
30.562	-0.000	0.002	-0.000	-0.000	0.995	1.001	0.000	0.063
30.583	0.000	0.002	0.000	-0.000	0.994	1.000	0.000	0.068
30.603	0.000	0.002	0.001	0.000	0.993	0.999	0.000	0.069
30.622	0.000	0.002	0.001	0.001	0.992	0.999	0.000	0.058
30.644	-0.000	0.001	0.001	0.001	0.994	1.001	0.000	0.063
30.662	-0.000	0.001	0.001	0.002	0.996	1.002	0.000	0.067
30.682	-0.000	0.000	0.001	0.002	0.994	1.001	0.000	0.066
30.702	-0.000	-0.001	0.001	0.002	0.991	0.998	0.000	0.070
30.723	-0.000	-0.001	0.000	0.002	0.991	0.998	0.000	0.081
30.743	-0.001	-0.002	0.000	0.002	0.995	1.001	0.000	0.065
30.763	-0.001	-0.002	-0.000	0.002	0.995	1.001	0.000	0.078
30.782	-0.001	-0.002	0.000	0.002	0.993	1.000	0.000	0.069
30.803	-0.001	-0.001	0.000	0.002	0.989	0.996	0.000	0.077
30.823	-0.001	-0.001	0.000	0.001	0.991	0.998	0.000	0.061
30.844	-0.001	-0.001	0.000	0.001	0.994	1.000	0.000	0.059
30.863	-0.001	-0.001	0.000	0.001	0.995	1.001	0.000	0.071
30.885	-0.001	-0.001	0.000	0.001	0.996	1.002	0.000	0.067
30.903	-0.000	-0.001	0.000	0.000	0.994	1.000	0.000	0.067
30.924	0.000	-0.001	-0.000	-0.000	0.995	1.002	0.000	0.066
30.945	0.001	-0.002	-0.000	-0.000	0.997	1.004	0.000	0.064
30.963	0.001	-0.001	-0.000	-0.001	0.997	1.003	0.000	0.063
30.985	0.002	-0.001	-0.000	-0.001	0.993	1.001	0.000	0.079
31.003	0.002	-0.001	-0.001	-0.001	0.992	0.999	0.000	0.064
31.023	0.001	-0.001	-0.001	-0.001	0.993	0.999	0.000	0.065
31.043	0.001	-0.001	-0.001	-0.001	0.995	1.001	0.000	0.069
31.063	0.001	-0.000	-0.000	-0.001	0.996	1.002	0.000	0.066
31.083	0.000	0.000	0.000	-0.000	0.994	1.001	0.000	0.062
31.102	0.000	0.000	0.001	-0.000	0.993	0.999	0.000	0.067
31.122	0.000	0.000	0.001	-0.000	0.993	0.999	0.000	0.079
31.142	0.000	0.001	0.001	-0.000	0.994	1.001	0.000	0.061
31.163	0.000	0.001	0.001	0.000	0.995	1.002	0.000	0.063
31.182	0.000	0.001	0.001	0.001	0.995	1.002	0.000	0.059
31.203	0.000	0.001	0.001	0.001	0.991	0.997	0.000	0.060
31.222	0.000	0.001	0.001	0.001	0.992	0.999	0.000	0.063
31.242	0.000	0.001	0.000	0.001	0.996	1.002	0.000	0.064
31.262	0.000	0.001	0.000	0.001	0.999	1.005	0.000	0.064
31.282	0.000	0.001	0.000	0.001	0.997	1.003	0.000	0.071
31.302	0.001	0.001	-0.000	0.001	0.994	1.001	0.000	0.063
31.323	0.000	0.000	-0.000	0.001	0.995	1.002	0.000	0.073
31.342	0.000	-0.000	-0.000	0.000	0.997	1.004	0.000	0.065
31.362	0.000	-0.001	0.000	0.000	0.996	1.003	0.000	0.071
31.382	0.001	-0.000	0.000	0.000	0.995	1.002	0.000	0.071
31.402	0.001	-0.000	0.000	0.000	0.993	0.999	0.000	0.068
31.422	0.000	-0.000	0.000	0.000	0.993	0.999	0.000	0.073
31.442	0.000	0.000	0.001	-0.000	0.995	1.001	0.000	0.061
31.462	0.001	0.001	0.001	0.000	0.996	1.003	0.000	0.056
31.482	0.001	0.001	0.001	0.000	0.996	1.003	0.000	0.066
31.502	0.002	0.001	0.001	0.001	0.994	1.000	0.000	0.069
31.523	0.002	0.001	0.001	0.001	0.993	1.000	0.000	0.064
31.543	0.002	0.001	0.002	0.001	0.995	1.002	0.000	0.062
31.562	0.003	0.001	0.002	0.001	0.996	1.002	0.000	0.074
31.582	0.003	0.001	0.002	0.002	0.995	1.002	0.000	0.064
31.603	0.002	0.001	0.002	0.002	0.991	0.998	0.000	0.054
31.622	0.002	0.001	0.002	0.002	0.992	0.999	0.000	0.063
31.643	0.001	0.000	0.002	0.002	0.996	1.002	0.000	0.062
31.663	0.001	0.000	0.002	0.002	0.997	1.003	0.000	0.063
31.682	0.000	0.000	0.001	0.001	0.995	1.002	0.000	0.071
31.702	0.000	-0.000	0.001	0.000	0.990	0.998	0.000	0.065
31.722	-0.000	-0.000	0.000	-0.000	0.993	1.000	0.000	0.075
31.743	-0.000	-0.000	0.000	-0.001	0.996	1.002	0.000	0.069
31.762	-0.000	-0.000	-0.000	-0.001	0.997	1.004	0.000	0.070
31.782	-0.000	0.000	-0.000	-0.001	0.996	1.002	0.000	0.068
31.802	0.000	0.000	-0.000	-0.001	0.993	0.999	0.000	0.068
31.822	0.000	0.000	-0.000	-0.001	0.991	0.998	0.000	0.076
31.842	0.000	0.000	-0.001	-0.001	0.991	0.998	0.000	0.061
31.864	0.000	0.000	-0.001	-0.001	0.994	1.000	0.000	0.065
31.882	0.001	0.000	-0.000	-0.000	0.994	1.000	0.000	0.070
31.903	0.001	0.001	-0.000	0.000	0.990	0.997	0.000	0.068
31.923	0.001	0.000	-0.000	0.000	0.993	0.999	0.000	0.077
31.943	0.001	0.000	-0.000	0.001	0.997	1.004	0.000	0.064
31.962	0.001	0.000	0.000	0.001	0.997	1.004	0.000	0.058
31.983	0.001	-0.000	0.000	0.001	0.996	1.003	0.000	0.071
32.002	0.001	-0.000	0.000	0.001	0.991	0.998	0.000	0.071
32.023	0.000	-0.001	-0.000	0.001	0.991	0.999	0.000	0.072
32.044	-0.000	-0.001	-0.000	0.001	0.992	1.000	0.000	0.069
32.063	-0.001	-0.001	-0.000	0.000	0.992	0.999	0.000	0.068
32.083	-0.001	-0.001	-0.000	-0.000	0.995	1.001	0.000	0.066
32.103	-0.001	-0.000	-0.000	-0.000	0.991	0.998	0.000	0.065
32.122	-0.001	-0.000	-0.001	-0.001	0.991	0.998	0.000	0.066
32.142	-0.001	0.000	-0.001	-0.001	0.995	1.001	0.000	0.062
32.162	-0.001	0.000	-0.001	-0.001	0.996	1.002	0.000	0.063
32.183	-0.000	0.000	-0.000	-0.001	0.997	1.003	0.000	0.068
32.202	0.000	0.000	-0.000	-0.002	0.991	0.998	0.000	0.067
32.222	0.000	-0.000	-0.000	-0.002	0.992	0.999	0.000	0.079
32.242	-0.000	-0.001	-0.001	-0.002	0.994	1.000	0.000	0.060
32.263	-0.000	-0.001	-0.001	-0.002	0.995	1.001	0.000	0.070
32.283	-0.001	-0.001	-0.001	-0.002	0.993	1.000	0.000	0.067
32.302	-0.001	-0.001	-0.001	-0.002	0.991	0.997	0.000	0.067
32.323	-0.002	-0.001	-0.001	-0.002	0.992	0.999	0.000	0.079
32.343	-0.002	-0.001	-0.001	-0.002	0.993	1.000	0.000	0.061
32.362	-0.002	-0.001	-0.001	-0.002	0.995	1.002	0.000	0.059
32.382	-0.001	-0.001	-0.001	-0.001	0.991	0.998	0.000	0.068
32.405	-0.001	-0.000	-0.000	-0.001	0.990	0.997	0.000	0.067
32.423	0.000	0.000	0.000	-0.000	0.991	0.997	0.000	0.065
32.444	0.001	0.000	0.000	-0.000	0.994	1.000	0.000	0.061
32.463	0.001	0.000	0.000	-0.000	0.997	1.003	0.000	0.067
32.482	0.001	0.000	0.000	-0.000	0.997	1.003	0.000	0.065
32.504	0.002	0.000	-0.000	-0.000	0.994	1.000	0.000	0.064
32.522	0.001	0.000	-0.000	-0.000	0.995	1.002	0.000	0.065
32.543	0.001	0.000	-0.001	-0.000	0.998	1.004	0.000	0.066
32.562	0.001	0.001	-0.001	-0.000	0.999	1.006	0.000	0.073
32.582	0.001	0.001	-0.001	0.000	0.996	1.003	0.000	0.065
32.603	0.001	0.001	-0.001	0.000	0.993	0.999	0.000	0.064
32.624	0.000	0.001	-0.001	0.000	0.995	1.002	0.000	0.064
32.644	-0.000	0.001	-0.001	0.000	0.995	1.002	0.000	0.055
32.662	-0.000	0.001	-0.000	0.000	0.998	1.004	0.000	0.067
32.683	-0.000	0.001	-0.000	0.001	0.998	1.004	0.000	0.062
32.704	-0.000	0.001	0.000	0.001	0.993	1.000	0.000	0.069
32.724	0.000	0.000	0.000	0.001	0.994	1.001	0.000	0.066
32.743	0.000	0.000	0.000	0.001	0.997	1.003	0.000	0.055
32.763	0.000	0.000	0.000	0.001	0.995	1.002	0.000	0.064
32.784	0.000	0.000	0.000	0.001	0.993	1.000	0.000	0.060
32.803	0.000	0.000	0.000	0.001	0.985	0.991	0.000	0.077
32.822	0.000	0.000	0.000	0.001	0.984	0.990	0.000	0.069
32.842	-0.000	0.000	0.000	0.001	0.984	0.991	0.000	0.067
32.862	-0.000	0.000	0.000	0.001	0.988	0.995	0.000	0.070
32.883	-0.001	0.000	0.000	0.000	0.989	0.996	0.000	0.060
32.902	-0.001	0.000	-0.000	0.000	0.987	0.994	0.000	0.061
32.923	-0.001	0.000	-0.000	-0.000	0.989	0.995	0.000	0.067
32.943	-0.001	0.000	-0.001	-0.001	0.993	0.999	0.000	0.068
32.964	-0.001	0.000	-0.001	-0.001	0.994	1.001	0.000	0.067
32.982	-0.001	0.000	-0.001	-0.001	0.991	0.998	0.000	0.066
33.003	-0.001	0.000	-0.001	-0.002	0.987	0.994	0.000	0.075
33.022	-0.002	0.000	-0.001	-0.002	0.988	0.994	0.000	0.065
33.045	-0.002	-0.000	-0.001	-0.002	0.990	0.996	0.000	0.060
33.063	-0.001	-0.000	-0.001	-0.002	0.993	0.999	0.000	0.065
33.084	-0.001	-0.000	-0.001	-0.001	0.992	0.998	0.000	0.077
33.105	-0.000	-0.000	-0.000	-0.001	0.987	0.994	0.000	0.065
33.124	-0.000	-0.001	-0.000	-0.001	0.987	0.994	0.000	0.062
33.143	0.000	-0.001	-0.000	-0.001	0.990	0.997	0.000	0.065
33.163	0.001	-0.001	-0.000	-0.001	0.994	1.000	0.000	0.067
33.183	0.002	-0.001	-0.000	-0.001	0.995	1.001	0.000	0.071
33.203	0.002	-0.000	0.000	-0.000	0.992	0.998	0.000	0.066
33.222	0.002	-0.000	0.000	0.000	0.988	0.996	0.000	0.070
33.243	0.001	0.000	0.001	0.000	0.992	0.998	0.000	0.065
33.263	0.001	0.000	0.001	0.001	0.996	1.002	0.000	0.065
33.282	0.000	0.001	0.001	0.001	0.996	1.002	0.000	0.066
33.302	-0.000	0.001	0.002	0.001	0.995	1.001	0.000	0.065
33.322	-0.001	0.001	0.001	0.002	0.992	0.999	0.000	0.073
33.344	-0.001	0.001	0.001	0.002	0.993	1.000	0.000	0.067
33.363	-0.002	0.001	0.001	0.002	0.996	1.003	0.000	0.067
33.382	-0.001	0.001	0.001	0.002	0.995	1.002	0.000	0.066
33.403	-0.001	0.001	0.000	0.001	0.994	1.000	0.000	0.059
33.423	-0.001	0.001	0.000	0.001	0.994	1.000	0.000	0.078
33.442	-0.001	-0.000	-0.000	0.000	0.995	1.002	0.000	0.071
33.462	-0.000	-0.001	-0.001	-0.001	0.996	1.003	0.000	0.072
33.483	0.000	-0.001	-0.001	-0.001	0.996	1.002	0.000	0.063
33.502	0.000	-0.001	-0.001	-0.002	0.992	0.999	0.000	0.067
33.523	0.000	-0.001	-0.001	-0.002	0.994	1.000	0.000	0.066
33.542	0.000	-0.001	-0.001	-0.002	0.995	1.001	0.000	0.071
33.565	0.000	-0.001	-0.001	-0.002	0.997	1.004	0.000	0.071
33.584	0.001	-0.000	-0.001	-0.002	0.996	1.003	0.000	0.060
33.603	0.001	0.001	-0.001	-0.002	0.992	0.999	0.000	0.067
33.623	0.001	0.001	-0.001	-0.002	0.992	0.999	0.000	0.073
33.643	0.001	0.001	-0.001	-0.002	0.994	1.001	0.000	0.065
33.664	0.001	0.001	-0.001	-0.001	0.997	1.003	0.000	0.068
33.683	0.001	0.001	-0.000	-0.001	0.996	1.003	0.000	0.066
33.704	0.001	0.001	-0.000	-0.001	0.992	0.998	0.000	0.070
33.723	0.001	0.001	-0.000	-0.000	0.990	0.997	0.000	0.076
33.744	0.001	0.000	-0.001	-0.000	0.990	0.998	0.000	0.069
33.762	0.000	-0.000	-0.001	-0.000	0.994	1.000	0.000	0.061
33.783	0.000	-0.000	-0.000	0.000	0.993	0.999	0.000	0.066
33.802	-0.000	-0.000	-0.000	0.001	0.990	0.997	0.000	0.071
33.823	-0.001	-0.000	-0.000	0.001	0.992	0.999	0.000	0.069
33.843	-0.001	-0.000	-0.000	0.001	0.995	1.001	0.000	0.059
33.862	-0.001	-0.000	-0.000	0.001	0.997	1.004	0.000	0.066
33.882	-0.001	-0.000	0.000	0.001	0.997	1.003	0.000	0.065
33.904	-0.001	-0.000	0.000	0.001	0.994	1.000	0.000	0.066
33.924	-0.001	-0.000	-0.000	0.000	0.994	1.000	0.000	0.062
33.943	-0.001	-0.001	-0.000	0.000	0.996	1.003	0.000	0.068
33.963	-0.001	-0.001	-0.001	-0.000	0.998	1.005	0.000	0.069
33.983	-0.000	-0.001	-0.001	0.000	0.996	1.003	0.000	0.066
34.002	-0.000	-0.001	-0.001	0.000	0.994	1.000	0.000	0.078
34.022	-0.001	-0.001	-0.001	0.000	0.993	0.999	0.000	0.062
34.042	-0.001	-0.002	-0.001	0.000	0.994	1.001	0.000	0.059
34.063	-0.001	-0.002	-0.001	0.000	0.999	1.004	0.000	0.067
34.083	-0.001	-0.001	-0.001	0.000	0.996	1.002	0.000	0.069
34.103	-0.001	-0.001	-0.000	0.000	0.993	0.999	0.000	0.077
34.124	-0.001	-0.001	-0.000	0.001	0.992	0.999	0.000	0.067
34.143	-0.001	-0.000	0.000	0.001	0.993	0.999	0.000	0.060
34.163	-0.001	-0.000	0.000	0.001	0.995	1.001	0.000	0.063
34.183	-0.000	0.000	0.001	0.001	0.995	1.001	0.000	0.068
34.202	-0.000	0.000	0.001	0.001	0.993	1.000	0.000	0.067
34.224	0.000	0.000	0.001	0.001	0.992	0.999	0.000	0.067
34.244	0.001	-0.000	0.001	0.001	0.994	1.001	0.000	0.068
34.264	0.001	-0.000	0.000	0.000	0.996	1.003	0.000	0.065
34.284	0.001	-0.000	0.000	0.000	0.993	1.001	0.000	0.072
34.303	0.001	-0.000	0.000	0.000	0.992	0.998	0.000	0.065
34.324	0.000	-0.000	0.000	0.000	0.992	0.998	0.000	0.071
34.344	-0.000	-0.000	-0.000	0.000	0.992	0.999	0.000	0.063
34.363	-0.001	-0.000	-0.000	0.000	0.994	1.001	0.000	0.069
34.384	-0.001	0.000	0.000	0.000	0.995	1.001	0.000	0.075
34.403	-0.001	0.000	0.000	0.001	0.990	0.996	0.000	0.065
34.422	-0.001	0.000	0.000	0.001	0.991	0.998	0.000	0.057
34.444	-0.001	0.000	0.000	0.001	0.992	0.999	0.000	0.064
34.463	-0.001	0.000	0.000	0.001	0.996	1.002	0.000	0.067
34.484	-0.000	0.000	0.000	0.001	0.994	1.001	0.000	0.071
