Time (Sec)	AccX - R (g)	Time (Sec)	Swing
0,009	-0,009	-0,022	-0,200	0,000
0,053	0,038	-0,057	-0,200	0,000
0,104	0,151	-0,048	-0,200	0,000
0,153	0,241	-0,038	-0,200	0,000
0,202	0,369	-0,003	-0,200	0,000
0,253	0,385	-0,009	-0,200	0,000
0,302	0,443	0,007	-0,200	0,000
0,353	0,480	0,019	-0,200	0,000
0,402	0,509	0,034	-0,200	0,000
0,452	0,523	0,048	-0,200	0,000
0,503	0,527	0,050	-0,200	0,000
0,553	0,539	0,061	-0,200	0,000
0,604	0,546	0,067	-0,200	0,000
0,652	0,566	0,081	-0,200	0,000
0,703	0,552	0,083	-0,200	0,000
0,752	0,568	0,096	-0,200	0,000
0,803	0,556	0,089	-0,200	0,000
0,853	0,581	0,104	-0,200	0,000
0,903	0,579	0,114	-0,200	0,000
0,952	0,585	0,124	-0,200	0,000
1,003	0,589	0,135	-0,200	0,000
1,054	0,568	0,126	-0,200	0,000
1,102	0,591	0,141	-0,200	0,000
1,152	0,591	0,143	-0,200	0,000
1,202	0,570	0,135	-0,200	0,000
1,252	0,574	0,135	-0,200	0,000
1,302	0,581	0,147	-0,200	0,000
1,354	0,583	0,159	-0,200	0,000
1,404	0,611	0,157	-0,200	0,000
1,452	0,626	0,163	-0,200	0,000
1,503	0,616	0,186	-0,200	0,000
1,552	0,607	0,161	-0,200	0,000
1,603	0,624	0,161	-0,200	0,000
1,652	0,620	0,161	-0,200	0,000
1,702	0,583	0,139	-0,200	0,000
1,754	0,572	0,128	-0,200	0,000
1,802	0,587	0,145	-0,200	0,000
1,852	0,595	0,145	-0,200	0,000
1,902	0,579	0,157	-0,200	0,000
1,953	0,585	0,139	-0,200	0,000
2,003	0,570	0,102	-0,200	0,000
2,053	0,585	0,073	-0,200	0,000
2,102	0,624	0,096	-0,200	0,000
2,152	0,659	0,085	-0,200	0,000
2,202	0,673	-0,015	-0,200	0,000
2,252	0,611	-0,046	-0,200	0,000
2,303	0,648	-0,011	-0,200	0,000
2,353	0,599	-0,034	-0,200	0,000
2,403	0,562	-0,059	-0,200	0,000
2,453	0,515	-0,233	-0,200	0,000
2,502	0,365	-0,439	-0,200	0,000
2,552	0,067	-0,846	-0,200	0,000
2,604	-0,188	-1,247	-0,200	0,000
2,653	-0,316	-1,255	-0,200	0,000
2,702	-0,196	-1,016	-0,200	0,000
2,752	0,069	-0,846	-0,200	0,000
2,803	0,248	-0,990	-0,200	0,000
2,853	0,303	-0,852	-0,200	0,000
2,903	0,318	-0,792	-0,200	0,000
2,954	0,379	-0,782	-0,200	0,000
3,002	0,439	-0,675	-0,000	0,200
3,052	0,443	-0,675	-0,000	0,000
3,103	0,420	-0,731	-0,000	0,000
3,152	0,295	-1,119	-0,000	0,000
3,202	0,293	-1,039	-0,000	0,000
3,253	0,377	-0,963	-0,000	0,000
3,303	0,389	-0,903	-0,000	0,000
3,352	-0,381	-1,888	-0,000	0,000
3,402	-1,156	-1,615	-0,000	0,000
3,453	-0,772	-1,216	-0,200	0,000
3,504	-0,435	-0,918	-0,200	0,000
3,553	-0,221	-0,836	-0,200	0,000
3,603	-0,044	-0,741	-0,200	0,000
3,652	0,391	-0,474	-0,200	0,000
3,703	0,622	-0,496	-0,200	0,000
3,754	0,659	-0,464	-0,000	0,200
3,804	0,642	-0,396	-0,000	0,000
3,853	0,749	-0,143	-0,000	0,000
3,902	0,796	-0,028	-0,000	0,000
3,952	0,813	0,139	-0,000	0,000
4,003	1,008	0,737	-0,000	0,000
4,053	1,427	1,604	-0,000	0,000
4,103	1,460	1,577	-0,000	0,000
4,152	1,240	1,304	-0,000	0,000
4,202	1,240	1,191	-0,000	0,000
4,252	1,175	1,136	-0,000	0,000
4,302	1,053	1,039	-0,200	0,000
4,353	0,981	0,885	-0,200	0,000
4,402	0,881	0,690	-0,200	0,000
4,452	0,809	0,607	-0,200	0,000
4,503	0,942	0,751	-0,200	0,000
4,553	0,963	0,942	-0,200	0,000
4,603	1,035	0,957	-0,200	0,000
4,652	0,965	0,885	-0,200	0,000
4,704	0,846	0,722	-0,200	0,000
4,753	0,704	0,554	-0,200	0,000
4,802	0,673	0,422	-0,200	0,000
4,852	0,453	0,112	-0,200	0,000
4,903	0,494	0,116	-0,200	0,000
4,954	0,521	0,116	-0,200	0,000
5,004	0,437	0,005	-0,200	0,000
5,053	0,283	-0,166	-0,200	0,000
5,104	0,124	-0,336	-0,200	0,000
5,154	0,176	-0,303	-0,200	0,000
5,203	0,270	-0,260	-0,000	0,200
5,254	0,305	-0,268	-0,000	0,000
5,302	0,320	-0,299	-0,000	0,000
5,352	0,237	-0,390	-0,000	0,000
5,405	0,188	-0,420	-0,000	0,000
5,453	0,217	-0,385	-0,000	0,000
5,503	0,338	-0,396	-0,000	0,000
5,552	0,455	-0,291	-0,000	0,000
5,602	0,472	-0,272	-0,000	0,000
5,653	0,357	-0,355	-0,000	0,000
5,702	0,264	-0,435	-0,000	0,000
5,752	0,307	-0,431	-0,000	0,000
5,802	0,751	0,009	-0,000	0,000
5,854	1,117	0,616	-0,000	0,000
5,902	1,382	1,325	-0,000	0,000
5,953	1,372	1,397	-0,000	0,000
6,004	1,261	1,298	-0,000	0,000
6,052	1,181	1,238	-0,000	0,000
6,103	1,020	1,082	-0,000	0,000
6,152	0,891	0,850	-0,000	0,000
6,203	0,753	0,618	-0,000	0,000
6,252	0,599	0,350	-0,200	0,000
6,303	0,755	0,496	-0,200	0,000
6,352	0,971	0,829	-0,200	0,000
6,402	1,117	1,041	-0,200	0,000
6,454	1,084	1,068	-0,200	0,000
6,503	1,010	1,004	-0,200	0,000
6,554	0,903	0,852	-0,200	0,000
6,603	0,747	0,624	-0,200	0,000
6,652	0,636	0,379	-0,200	0,000
6,702	0,622	0,204	-0,200	0,000
6,752	0,533	0,135	-0,200	0,000
6,803	0,749	0,354	-0,200	0,000
6,854	0,860	0,581	-0,200	0,000
6,902	0,938	0,772	-0,200	0,000
6,952	0,842	0,706	-0,200	0,000
7,002	0,739	0,548	-0,200	0,000
7,054	0,638	0,433	-0,200	0,000
7,102	0,613	0,367	-0,000	0,200
7,152	0,517	0,270	-0,000	0,000
7,202	0,371	0,133	-0,000	0,000
7,254	0,299	-0,020	-0,000	0,000
7,303	0,198	-0,087	-0,000	0,000
7,352	0,324	-0,007	-0,000	0,000
7,402	0,505	0,163	-0,000	0,000
7,453	0,632	0,318	-0,000	0,000
7,502	0,716	0,461	-0,000	0,000
7,552	0,700	0,523	-0,000	0,000
7,602	0,618	0,453	-0,000	0,000
7,654	0,476	0,404	-0,000	0,000
7,703	0,733	0,646	-0,000	0,000
7,753	1,078	1,053	-0,000	0,000
7,802	1,405	1,436	-0,000	0,000
7,852	1,259	1,277	-0,000	0,000
7,903	1,148	1,131	-0,000	0,000
7,952	1,025	0,994	-0,000	0,000
8,004	0,903	0,860	-0,000	0,000
8,053	0,807	0,741	-0,000	0,000
8,103	0,675	0,570	-0,000	0,000
8,152	0,564	0,377	-0,200	0,000
8,202	0,478	0,180	-0,200	0,000
8,252	0,646	0,260	-0,200	0,000
8,303	0,928	0,589	-0,200	0,000
8,352	1,006	0,823	-0,200	0,000
8,402	1,027	0,922	-0,200	0,000
8,452	0,887	0,776	-0,200	0,000
8,504	0,833	0,714	-0,200	0,000
8,552	0,811	0,648	-0,200	0,000
8,603	0,811	0,655	-0,200	0,000
8,653	0,918	0,764	-0,000	0,200
8,703	0,994	0,903	-0,000	0,200
8,752	1,125	1,082	-0,000	0,200
8,802	1,068	1,043	-0,000	0,200
8,853	1,008	0,971	-0,000	0,200
8,903	0,907	0,868	-0,000	0,200
8,952	0,860	0,819	-0,000	0,000
9,002	0,798	0,741	-0,000	0,000
9,052	0,640	0,560	-0,000	0,000
9,103	0,416	0,311	-0,000	0,000
9,153	0,307	0,141	-0,000	0,000
9,202	0,435	0,227	-0,000	0,000
9,252	0,729	0,496	-0,200	0,000
9,302	0,864	0,694	-0,200	0,000
9,352	0,768	0,609	-0,200	0,000
9,403	0,542	0,523	-0,200	0,000
9,452	0,250	0,192	-0,200	0,000
9,503	0,377	0,262	-0,200	0,000
9,552	0,844	0,731	-0,000	0,200
9,603	0,998	0,951	-0,000	0,000
9,654	0,992	0,944	-0,000	0,000
9,703	0,979	0,920	-0,000	0,000
9,752	0,903	0,796	-0,000	0,000
9,803	0,766	0,679	-0,000	0,000
9,853	0,667	0,521	-0,000	0,000
9,902	0,560	0,344	-0,000	0,000
9,952	0,486	0,133	-0,000	0,000
10,003	0,424	-0,024	-0,000	0,000
10,053	0,564	0,019	-0,000	0,000
10,102	0,786	0,276	-0,200	0,000
10,152	0,912	0,546	-0,200	0,000
10,203	0,965	0,735	-0,200	0,000
10,252	0,895	0,729	-0,200	0,000
10,302	0,708	0,531	-0,200	0,000
10,353	0,708	0,433	-0,200	0,000
10,403	0,638	0,352	-0,000	0,200
10,453	0,706	0,433	-0,000	0,200
10,502	0,751	0,420	-0,000	0,200
10,553	0,986	0,761	-0,000	0,200
10,603	0,971	0,881	-0,000	0,200
10,652	0,992	0,940	-0,000	0,200
10,703	0,905	0,885	-0,000	0,200
10,752	0,825	0,801	-0,000	0,200
10,802	0,788	0,733	-0,000	0,000
10,852	0,667	0,589	-0,000	0,000
10,903	0,511	0,396	-0,000	0,000
10,952	0,387	0,223	-0,000	0,000
11,004	0,414	0,194	-0,000	0,000
11,053	0,605	0,336	-0,200	0,000
11,103	0,731	0,502	-0,200	0,000
11,153	0,823	0,632	-0,200	0,000
11,204	0,821	0,741	-0,200	0,000
11,252	0,811	0,739	-0,200	0,000
11,303	0,739	0,690	-0,200	0,000
11,353	0,677	0,657	-0,200	0,000
11,402	0,881	0,821	-0,000	0,200
11,452	1,312	1,273	-0,000	0,000
11,502	1,214	1,236	-0,000	0,000
11,553	1,117	1,086	-0,000	0,000
11,602	1,074	1,010	-0,000	0,000
11,652	0,922	0,875	-0,000	0,000
11,703	0,794	0,720	-0,000	0,000
11,754	0,690	0,572	-0,000	0,000
11,802	0,539	0,352	-0,000	0,000
11,852	0,383	0,108	-0,000	0,000
11,903	0,422	0,042	-0,200	0,000
11,952	0,548	0,114	-0,200	0,000
12,002	0,774	0,338	-0,200	0,000
12,054	0,940	0,581	-0,200	0,000
12,103	0,975	0,729	-0,200	0,000
12,152	0,926	0,753	-0,200	0,000
12,202	0,741	0,601	-0,200	0,000
12,252	0,764	0,562	-0,000	0,200
12,302	0,786	0,630	-0,000	0,200
12,352	0,930	0,803	-0,000	0,200
12,402	0,992	0,909	-0,000	0,200
12,454	1,029	0,975	-0,000	0,200
12,503	0,998	0,975	-0,000	0,200
12,552	0,930	0,887	-0,000	0,200
12,602	0,881	0,823	-0,000	0,000
12,654	0,733	0,679	-0,000	0,000
12,703	0,700	0,620	-0,000	0,000
12,753	0,568	0,457	-0,000	0,000
12,803	0,478	0,357	-0,000	0,000
12,853	0,348	0,196	-0,000	0,000
12,902	0,266	0,040	-0,200	0,000
12,953	0,281	-0,005	-0,200	0,000
13,002	0,437	0,108	-0,200	0,000
13,053	0,601	0,281	-0,200	0,000
13,104	0,644	0,332	-0,200	0,000
13,153	0,505	0,235	-0,200	0,000
13,203	0,385	0,161	-0,200	0,000
13,253	0,324	0,100	-0,200	0,000
13,302	0,381	0,139	-0,000	0,200
13,353	0,727	0,470	-0,000	0,000
13,402	1,234	1,103	-0,000	0,000
13,452	1,343	1,333	-0,000	0,000
13,502	1,189	1,232	-0,000	0,000
13,553	1,189	1,216	-0,000	0,000
13,602	1,037	1,055	-0,000	0,000
13,654	0,907	0,891	-0,000	0,000
13,704	0,872	0,798	-0,000	0,000
13,753	0,749	0,611	-0,000	0,000
13,803	0,624	0,361	-0,000	0,000
13,852	0,500	0,165	-0,000	0,000
13,902	0,482	0,116	-0,200	0,000
13,952	0,648	0,231	-0,200	0,000
14,002	0,809	0,404	-0,200	0,000
14,053	0,887	0,581	-0,200	0,000
14,102	0,953	0,733	-0,200	0,000
14,153	0,807	0,605	-0,200	0,000
14,202	0,638	0,293	-0,200	0,000
14,252	0,486	0,091	-0,200	0,000
14,303	0,482	0,069	-0,000	0,200
14,353	0,696	0,264	-0,000	0,200
14,403	0,916	0,521	-0,000	0,200
14,453	1,076	0,936	-0,000	0,200
14,504	1,039	1,018	-0,000	0,200
14,552	1,099	1,090	-0,000	0,200
14,603	1,062	1,047	-0,000	0,200
14,652	1,049	1,029	-0,000	0,000
14,702	0,889	0,868	-0,000	0,000
14,752	0,776	0,747	-0,000	0,000
14,803	0,657	0,574	-0,000	0,000
14,853	0,593	0,445	-0,000	0,000
14,903	0,529	0,237	-0,000	0,000
14,953	0,470	0,083	-0,000	0,000
15,002	0,579	0,194	-0,200	0,000
15,053	0,729	0,283	-0,200	0,000
15,103	0,700	0,270	-0,200	0,000
15,152	0,525	0,170	-0,200	0,000
15,202	0,628	0,260	-0,200	0,000
15,252	0,566	0,213	-0,200	0,000
15,302	0,827	0,402	-0,200	0,000
15,352	1,092	0,751	-0,200	0,000
15,402	1,247	1,127	-0,000	0,200
15,452	1,166	1,148	-0,000	0,000
15,502	1,047	1,181	-0,000	0,000
15,553	0,928	0,973	-0,000	0,000
15,602	0,817	0,852	-0,000	0,000
15,654	0,544	0,507	-0,000	0,000
15,702	0,202	0,048	-0,000	0,000
15,753	0,100	-0,186	-0,000	0,000
15,803	0,153	-0,303	-0,200	0,000
15,853	0,412	-0,112	-0,200	0,000
15,902	0,727	0,143	-0,200	0,000
15,953	0,879	0,433	-0,200	0,000
16,003	0,951	0,648	-0,200	0,000
16,053	0,944	0,761	-0,200	0,000
16,103	0,875	0,704	-0,200	0,000
16,152	0,858	0,694	-0,200	0,000
16,202	0,757	0,663	-0,000	0,200
16,252	0,770	0,630	-0,000	0,200
16,302	0,846	0,634	-0,000	0,000
16,352	1,154	1,055	-0,000	0,000
16,403	1,257	1,242	-0,000	0,000
16,454	1,218	1,199	-0,000	0,000
16,504	1,212	1,187	-0,000	0,000
16,554	1,082	1,072	-0,000	0,000
16,604	0,930	0,928	-0,000	0,000
16,652	0,780	0,720	-0,000	0,000
16,702	0,301	0,229	-0,000	0,000
16,753	-0,013	-0,069	-0,000	0,000
16,803	0,089	0,005	-0,200	0,000
16,853	0,363	0,172	-0,200	0,000
16,902	0,690	0,463	-0,200	0,000
16,953	0,930	0,663	-0,200	0,000
17,002	0,953	0,731	-0,200	0,000
17,053	0,879	0,698	-0,200	0,000
17,103	0,681	0,544	-0,200	0,000
17,152	0,591	0,488	-0,200	0,000
17,202	0,383	0,161	-0,000	0,200
17,252	0,412	0,135	-0,000	0,000
17,302	0,490	0,278	-0,000	0,000
17,353	0,708	0,451	-0,000	0,000
17,403	0,749	0,488	-0,000	0,000
17,452	0,722	0,564	-0,000	0,000
17,503	0,729	0,531	-0,000	0,000
17,552	0,679	0,490	-0,000	0,000
17,602	0,611	0,412	-0,000	0,000
17,653	0,500	0,278	-0,000	0,000
17,702	0,449	0,108	-0,000	0,000
17,754	0,385	-0,026	-0,000	0,000
17,803	0,367	-0,087	-0,000	0,000
17,852	0,480	-0,028	-0,000	0,000
17,902	0,579	0,038	-0,000	0,000
17,953	0,700	0,093	-0,200	0,000
18,002	0,788	0,209	-0,200	0,000
18,053	0,780	0,276	-0,200	0,000
18,102	0,735	0,260	-0,200	0,000
18,153	0,708	0,213	-0,200	0,000
18,204	0,860	0,383	-0,200	0,000
18,252	0,856	0,435	-0,000	0,200
18,303	0,870	0,500	-0,000	0,000
18,352	0,975	0,648	-0,000	0,000
18,404	1,131	0,961	-0,000	0,000
18,452	1,064	0,942	-0,000	0,000
18,502	1,057	0,955	-0,000	0,000
18,552	0,944	0,856	-0,000	0,000
18,602	0,860	0,805	-0,000	0,000
18,653	0,743	0,661	-0,000	0,000
18,702	0,642	0,517	-0,000	0,000
18,752	0,470	0,320	-0,200	0,000
18,802	0,244	0,100	-0,200	0,000
18,854	0,244	0,067	-0,200	0,000
18,903	0,445	0,219	-0,200	0,000
18,954	0,716	0,437	-0,200	0,000
19,002	0,860	0,603	-0,200	0,000
19,052	0,827	0,632	-0,200	0,000
19,104	0,687	0,513	-0,200	0,000
19,152	0,576	0,410	-0,200	0,000
19,203	0,350	0,241	-0,200	0,000
19,252	0,433	0,204	-0,000	0,200
19,304	0,757	0,525	-0,000	0,000
19,353	1,057	0,967	-0,000	0,000
19,403	1,062	1,027	-0,000	0,000
19,453	1,051	1,045	-0,000	0,000
19,502	0,944	0,981	-0,000	0,000
19,552	0,854	0,803	-0,000	0,000
19,604	0,677	0,585	-0,000	0,000
19,652	0,459	0,324	-0,000	0,000
19,702	0,285	-0,007	-0,000	0,000
19,754	0,301	-0,079	-0,000	0,000
19,802	0,568	0,063	-0,000	0,000
19,852	0,712	0,260	-0,200	0,000
19,902	0,844	0,451	-0,200	0,000
19,953	0,862	0,568	-0,200	0,000
20,003	0,862	0,638	-0,200	0,000
20,052	0,821	0,601	-0,200	0,000
20,103	0,659	0,441	-0,200	0,000
20,154	0,735	0,367	-0,000	0,200
20,202	0,710	0,414	-0,000	0,200
20,253	0,731	0,480	-0,000	0,200
20,303	0,905	0,663	-0,000	0,200
20,353	1,006	0,823	-0,000	0,200
20,403	1,142	1,094	-0,000	0,200
20,453	1,148	1,133	-0,000	0,200
20,502	1,123	1,107	-0,000	0,200
20,553	1,000	0,967	-0,000	0,000
20,602	0,903	0,860	-0,000	0,000
20,652	0,776	0,714	-0,000	0,000
20,702	0,570	0,474	-0,000	0,000
20,752	0,406	0,215	-0,000	0,000
20,802	0,453	0,192	-0,000	0,000
20,852	0,591	0,268	-0,200	0,000
20,902	0,755	0,482	-0,200	0,000
20,953	0,846	0,628	-0,200	0,000
21,003	0,846	0,675	-0,200	0,000
21,052	0,831	0,642	-0,200	0,000
21,103	0,774	0,572	-0,200	0,000
21,152	0,710	0,507	-0,200	0,000
21,202	0,494	0,299	-0,000	0,200
21,253	0,295	0,102	-0,000	0,000
21,303	0,133	-0,100	-0,000	0,000
21,352	0,367	-0,011	-0,000	0,000
21,402	0,593	0,137	-0,000	0,000
21,452	0,848	0,375	-0,000	0,000
21,502	1,002	0,574	-0,200	0,000
21,552	0,975	0,712	-0,200	0,000
21,603	0,938	0,749	-0,200	0,000
21,654	0,833	0,745	-0,000	0,200
21,702	0,761	0,653	-0,000	0,000
21,752	0,601	0,461	-0,000	0,000
21,802	0,396	0,260	-0,000	0,000
21,852	0,301	0,071	-0,000	0,000
21,903	0,511	0,137	-0,000	0,000
21,953	0,698	0,344	-0,000	0,000
22,003	0,815	0,494	-0,200	0,000
22,052	0,879	0,597	-0,200	0,000
22,102	0,872	0,640	-0,200	0,000
22,152	0,942	0,671	-0,200	0,000
22,203	0,907	0,714	-0,200	0,000
22,253	0,821	0,696	-0,200	0,000
22,302	0,827	0,714	-0,200	0,000
22,353	0,973	0,854	-0,000	0,200
22,402	1,070	1,000	-0,000	0,000
22,453	1,082	1,035	-0,000	0,000
22,502	1,031	0,967	-0,000	0,000
22,552	0,959	0,879	-0,000	0,000
22,603	0,831	0,753	-0,000	0,000
22,652	0,731	0,603	-0,000	0,000
22,702	0,587	0,416	-0,000	0,000
22,753	0,437	0,209	-0,200	0,000
22,803	0,318	0,071	-0,200	0,000
22,853	0,340	0,069	-0,200	0,000
22,904	0,507	0,268	-0,200	0,000
22,953	0,741	0,515	-0,200	0,000
23,004	0,881	0,669	-0,200	0,000
23,054	0,778	0,679	-0,200	0,000
23,102	0,792	0,753	-0,200	0,000
23,153	0,546	0,484	-0,200	0,000
23,204	0,616	0,490	-0,000	0,200
23,252	0,965	0,798	-0,000	0,000
23,303	1,273	1,210	-0,000	0,000
23,352	1,230	1,193	-0,000	0,000
23,402	1,066	1,090	-0,000	0,000
23,453	0,998	0,990	-0,000	0,000
23,503	0,819	0,819	-0,000	0,000
23,552	0,679	0,640	-0,000	0,000
23,602	0,443	0,352	-0,000	0,000
23,652	0,106	-0,161	-0,000	0,000
23,702	0,036	-0,305	-0,000	0,000
23,752	0,387	-0,089	-0,200	0,000
23,803	0,743	0,221	-0,200	0,000
23,853	0,897	0,500	-0,200	0,000
23,902	0,889	0,634	-0,200	0,000
23,953	0,889	0,718	-0,200	0,000
24,004	0,782	0,626	-0,200	0,000
24,052	0,909	0,675	-0,200	0,000
24,102	0,940	0,786	-0,000	0,200
24,153	1,068	0,934	-0,000	0,000
24,202	1,162	1,142	-0,000	0,000
24,252	1,265	1,273	-0,000	0,000
24,302	1,304	1,306	-0,000	0,000
24,352	1,152	1,152	-0,000	0,000
24,402	1,115	1,090	-0,000	0,000
24,453	0,926	0,895	-0,000	0,000
24,502	0,792	0,714	-0,000	0,000
24,552	0,642	0,519	-0,000	0,000
24,603	0,359	0,167	-0,200	0,000
24,652	0,147	-0,081	-0,200	0,000
24,703	0,227	-0,069	-0,200	0,000
24,754	0,428	0,100	-0,200	0,000
24,803	0,603	0,416	-0,200	0,000
24,852	0,753	0,634	-0,200	0,000
24,904	0,644	0,519	-0,200	0,000
24,952	0,478	0,311	-0,200	0,000
25,002	0,474	0,256	-0,200	0,000
25,052	0,367	0,112	-0,000	0,200
25,103	0,628	0,375	-0,000	0,000
25,152	0,959	0,733	-0,000	0,000
25,203	1,025	0,912	-0,000	0,000
25,253	1,020	0,951	-0,000	0,000
25,304	0,951	0,909	-0,000	0,000
25,353	0,844	0,772	-0,000	0,000
25,402	0,729	0,595	-0,000	0,000
25,454	0,556	0,379	-0,000	0,000
25,502	0,318	0,073	-0,000	0,000
25,552	0,149	-0,163	-0,000	0,000
25,602	0,246	-0,176	-0,000	0,000
25,652	0,570	0,147	-0,200	0,000
25,704	0,807	0,410	-0,200	0,000
25,753	0,879	0,539	-0,200	0,000
25,803	0,887	0,655	-0,200	0,000
25,853	0,850	0,706	-0,200	0,000
25,902	0,829	0,589	-0,200	0,000
25,952	0,780	0,484	-0,200	0,000
26,003	0,673	0,517	-0,000	0,200
26,053	0,801	0,667	-0,000	0,000
26,104	0,973	0,774	-0,000	0,000
26,153	1,014	0,887	-0,000	0,000
26,203	1,031	0,934	-0,000	0,000
26,252	0,957	0,932	-0,000	0,000
26,303	0,875	0,848	-0,000	0,000
26,352	0,776	0,731	-0,000	0,000
26,404	0,677	0,591	-0,000	0,000
26,454	0,496	0,350	-0,000	0,000
26,503	0,322	0,050	-0,000	0,000
26,552	0,116	-0,143	-0,200	0,000
26,602	0,128	-0,180	-0,200	0,000
26,653	0,272	-0,102	-0,200	0,000
26,704	0,486	0,091	-0,200	0,000
26,752	0,572	0,153	-0,200	0,000
26,803	0,334	-0,063	-0,200	0,000
26,852	0,289	-0,153	-0,200	0,000
26,904	0,172	-0,307	-0,200	0,000
26,952	0,605	0,036	-0,200	0,000
27,003	0,924	0,412	-0,000	0,200
27,052	1,175	0,930	-0,000	0,000
27,103	1,142	1,084	-0,000	0,000
27,153	1,049	1,084	-0,000	0,000
27,203	0,973	0,957	-0,000	0,000
27,253	0,835	0,796	-0,000	0,000
27,303	0,613	0,529	-0,000	0,000
27,352	0,498	0,301	-0,000	0,000
27,402	0,431	0,104	-0,000	0,000
27,452	0,605	0,256	-0,000	0,000
27,502	0,801	0,439	-0,200	0,000
27,554	0,885	0,605	-0,200	0,000
27,603	0,848	0,636	-0,200	0,000
27,652	0,778	0,570	-0,200	0,000
27,703	0,780	0,546	-0,200	0,000
27,752	0,807	0,550	-0,200	0,000
27,802	0,698	0,459	-0,200	0,000
27,853	0,673	0,391	-0,200	0,000
27,904	0,581	0,276	-0,200	0,000
27,953	0,521	0,254	-0,200	0,000
28,003	0,681	0,371	-0,200	0,000
28,052	0,889	0,535	-0,200	0,000
28,102	1,117	0,862	-0,200	0,000
28,154	1,086	0,965	-0,200	0,000
28,204	1,117	1,039	-0,200	0,000
28,253	0,998	0,922	-0,200	0,000
28,302	0,903	0,827	-0,000	0,200
28,352	0,677	0,648	-0,000	0,000
28,404	0,420	0,361	-0,000	0,000
28,453	0,276	0,151	-0,000	0,000
28,502	0,289	0,145	-0,000	0,000
28,554	0,484	0,227	-0,000	0,000
28,602	0,663	0,309	-0,200	0,000
28,653	0,735	0,311	-0,200	0,000
28,702	0,764	0,322	-0,200	0,000
28,752	0,718	0,311	-0,200	0,000
28,803	0,562	0,188	-0,200	0,000
28,853	0,496	0,116	-0,200	0,000
28,902	0,299	-0,094	-0,200	0,000
28,952	0,424	-0,046	-0,000	0,200
29,003	0,692	0,176	-0,000	0,000
29,052	0,990	0,562	-0,000	0,000
29,102	1,136	0,870	-0,000	0,000
29,152	1,094	1,004	-0,000	0,000
29,202	0,953	1,023	-0,000	0,000
29,252	0,842	0,825	-0,000	0,000
29,303	0,733	0,626	-0,000	0,000
29,353	0,587	0,420	-0,000	0,000
29,404	0,424	0,231	-0,000	0,000
29,452	0,396	0,145	-0,000	0,000
29,502	0,626	0,256	-0,000	0,000
29,553	0,761	0,406	-0,200	0,000
29,603	0,796	0,519	-0,200	0,000
29,654	0,741	0,455	-0,200	0,000
29,704	0,657	0,369	-0,200	0,000
29,754	0,679	0,256	-0,200	0,000
29,803	0,716	0,328	-0,200	0,000
29,853	0,961	0,665	-0,200	0,000
29,902	1,107	0,992	-0,200	0,000
29,952	1,226	1,142	-0,200	0,000
30,003	1,232	1,197	-0,200	0,000
30,053	1,164	1,113	-0,000	0,200
30,104	1,094	1,027	-0,000	0,000
30,153	0,944	0,872	-0,000	0,000
30,204	0,745	0,698	-0,000	0,000
30,252	0,605	0,474	-0,000	0,000
30,303	0,200	0,046	-0,000	0,000
30,353	0,091	-0,149	-0,200	0,000
30,402	0,328	0,015	-0,200	0,000
30,453	0,583	0,202	-0,200	0,000
30,503	0,753	0,373	-0,200	0,000
30,553	0,782	0,435	-0,200	0,000
30,602	0,747	0,377	-0,200	0,000
30,652	0,745	0,375	-0,200	0,000
30,702	0,673	0,293	-0,200	0,000
30,753	0,535	0,124	-0,000	0,200
30,802	0,350	-0,048	-0,000	0,000
30,852	0,677	0,176	-0,000	0,000
30,903	1,094	0,634	-0,000	0,000
30,952	1,257	1,045	-0,000	0,000
31,004	1,224	1,185	-0,000	0,000
31,053	1,160	1,113	-0,000	0,000
31,103	1,029	0,963	-0,000	0,000
31,152	0,905	0,794	-0,000	0,000
31,202	0,679	0,562	-0,000	0,000
31,253	0,371	0,285	-0,000	0,000
31,302	0,102	-0,032	-0,000	0,000
31,352	0,231	0,017	-0,000	0,000
31,403	0,648	0,272	-0,200	0,000
31,454	0,856	0,457	-0,200	0,000
31,502	0,858	0,570	-0,200	0,000
31,552	0,706	0,414	-0,200	0,000
31,602	0,714	0,350	-0,200	0,000
31,652	0,579	0,196	-0,200	0,000
31,703	0,535	0,073	-0,200	0,000
31,754	0,560	0,248	-0,200	0,000
31,803	0,827	0,550	-0,200	0,000
31,853	0,967	0,821	-0,000	0,200
31,902	1,121	1,051	-0,000	0,200
31,952	1,253	1,224	-0,000	0,200
32,003	1,183	1,152	-0,000	0,200
32,053	1,107	1,101	-0,000	0,200
32,103	0,953	1,008	-0,000	0,200
32,153	0,819	0,879	-0,000	0,000
32,202	0,601	0,665	-0,000	0,000
32,253	0,391	0,394	-0,000	0,000
32,302	0,283	0,192	-0,000	0,000
32,352	0,342	0,163	-0,200	0,000
32,402	0,515	0,278	-0,200	0,000
32,452	0,786	0,521	-0,200	0,000
32,502	0,868	0,646	-0,200	0,000
32,553	0,807	0,542	-0,200	0,000
32,602	0,659	0,293	-0,200	0,000
32,653	0,552	0,139	-0,200	0,000
32,703	0,116	-0,244	-0,200	0,000
32,752	0,387	-0,129	-0,000	0,200
32,802	0,780	0,174	-0,000	0,000
32,854	0,932	0,381	-0,000	0,000
32,902	0,979	0,597	-0,000	0,000
32,953	0,922	0,650	-0,000	0,000
33,002	0,875	0,702	-0,000	0,000
33,053	0,821	0,667	-0,000	0,000
33,102	0,671	0,523	-0,000	0,000
33,152	0,533	0,336	-0,000	0,000
33,203	0,461	0,184	-0,000	0,000
33,252	0,533	0,241	-0,000	0,000
33,302	0,729	0,398	-0,000	0,000
33,352	0,823	0,453	-0,200	0,000
33,402	0,739	0,441	-0,200	0,000
33,452	0,675	0,367	-0,200	0,000
33,503	0,597	0,293	-0,200	0,000
33,552	0,507	0,182	-0,200	0,000
33,602	0,589	0,104	-0,200	0,000
33,653	0,531	0,106	-0,200	0,000
33,703	0,790	0,383	-0,200	0,000
33,752	0,934	0,632	-0,200	0,000
33,803	1,094	0,798	-0,200	0,000
33,853	1,228	1,033	-0,200	0,000
33,903	1,164	1,096	-0,200	0,000
33,954	1,113	1,086	-0,200	0,000
34,003	0,994	0,942	-0,000	0,200
34,052	0,912	0,854	-0,000	0,000
34,103	0,805	0,708	-0,000	0,000
34,152	0,527	0,428	-0,000	0,000
34,202	0,287	0,194	-0,000	0,000
34,254	0,291	0,161	-0,200	0,000
34,303	0,428	0,180	-0,200	0,000
34,352	0,653	0,344	-0,200	0,000
34,403	0,780	0,422	-0,200	0,000
34,452	0,683	0,330	-0,200	0,000
34,502	0,622	0,252	-0,200	0,000
34,552	0,474	0,118	-0,200	0,000
34,602	0,451	0,048	-0,200	0,000
34,652	0,710	0,248	-0,200	0,000
34,703	1,105	0,605	-0,000	0,200
34,753	1,189	0,833	-0,000	0,000
34,804	1,074	0,920	-0,000	0,000
34,852	0,936	0,897	-0,000	0,000
34,902	0,803	0,757	-0,000	0,000
34,953	0,776	0,683	-0,000	0,000
35,002	0,669	0,544	-0,000	0,000
35,053	0,455	0,285	-0,000	0,000
35,103	0,391	0,126	-0,000	0,000
35,153	0,412	0,061	-0,000	0,000
35,204	0,472	0,096	-0,200	0,000
35,254	0,605	0,176	-0,200	0,000
35,302	0,724	0,241	-0,200	0,000
35,354	0,735	0,266	-0,200	0,000
35,402	0,681	0,237	-0,200	0,000
35,454	0,533	0,067	-0,200	0,000
35,502	0,416	-0,100	-0,200	0,000
35,552	0,513	-0,011	-0,200	0,000
35,602	0,928	0,400	-0,200	0,000
35,653	1,082	0,663	-0,200	0,000
35,702	1,094	0,829	-0,200	0,000
35,752	1,129	0,969	-0,000	0,200
35,803	1,133	1,053	-0,000	0,200
35,852	1,078	0,951	-0,000	0,200
35,903	0,949	0,879	-0,000	0,000
35,954	0,885	0,794	-0,000	0,000
36,003	0,833	0,720	-0,000	0,000
36,053	0,720	0,572	-0,000	0,000
36,103	0,657	0,468	-0,000	0,000
36,153	0,539	0,346	-0,200	0,000
36,202	0,371	0,190	-0,200	0,000
36,253	0,252	0,071	-0,200	0,000
36,302	0,346	0,028	-0,200	0,000
36,352	0,484	0,036	-0,200	0,000
36,403	0,478	0,009	-0,200	0,000
36,452	0,455	-0,059	-0,200	0,000
36,502	0,554	0,001	-0,200	0,000
36,552	0,731	0,145	-0,200	0,000
36,602	1,101	0,513	-0,200	0,000
36,653	1,314	0,959	-0,200	0,000
36,702	1,249	1,111	-0,000	0,200
36,753	1,140	1,080	-0,000	0,000
36,803	1,084	1,025	-0,000	0,000
36,853	0,975	0,893	-0,000	0,000
36,902	0,912	0,788	-0,000	0,000
36,953	0,860	0,733	-0,000	0,000
37,002	0,737	0,616	-0,000	0,000
37,052	0,560	0,476	-0,000	0,000
37,102	0,418	0,307	-0,200	0,000
37,152	0,375	0,219	-0,200	0,000
37,203	0,468	0,229	-0,200	0,000
37,252	0,556	0,344	-0,200	0,000
37,302	0,737	0,482	-0,200	0,000
37,353	0,819	0,616	-0,200	0,000
37,402	0,729	0,548	-0,200	0,000
37,452	0,634	0,400	-0,200	0,000
37,502	0,593	0,318	-0,200	0,000
37,554	0,622	0,387	-0,200	0,000
37,602	0,798	0,533	-0,000	0,200
37,653	0,936	0,663	-0,000	0,200
37,703	0,992	0,792	-0,000	0,200
37,752	1,092	0,955	-0,000	0,200
37,803	1,150	1,041	-0,000	0,200
37,852	1,123	1,031	-0,000	0,000
37,904	1,060	1,008	-0,000	0,000
37,952	0,969	0,930	-0,000	0,000
38,002	0,842	0,780	-0,000	0,000
38,053	0,718	0,624	-0,000	0,000
38,102	0,544	0,449	-0,000	0,000
38,153	0,363	0,301	-0,000	0,000
38,202	0,211	0,285	-0,200	0,000
38,254	0,338	0,367	-0,200	0,000
38,302	0,603	0,539	-0,200	0,000
38,353	0,772	0,766	-0,200	0,000
38,402	0,854	0,858	-0,200	0,000
38,453	0,858	0,782	-0,200	0,000
38,502	0,786	0,702	-0,200	0,000
38,553	0,667	0,554	-0,200	0,000
38,602	0,731	0,624	-0,000	0,200
38,654	0,928	0,957	-0,000	0,000
38,703	1,308	1,345	-0,000	0,000
38,752	1,290	1,294	-0,000	0,000
38,802	1,240	1,232	-0,000	0,000
38,853	1,193	1,214	-0,000	0,000
38,902	1,049	1,066	-0,000	0,000
38,953	0,905	0,860	-0,000	0,000
39,003	0,840	0,776	-0,000	0,000
39,053	0,609	0,542	-0,000	0,000
39,102	0,387	0,311	-0,000	0,000
39,153	0,361	0,176	-0,200	0,000
39,204	0,385	0,089	-0,200	0,000
39,252	0,482	0,159	-0,200	0,000
39,302	0,667	0,406	-0,200	0,000
39,352	0,877	0,657	-0,200	0,000
39,402	0,895	0,761	-0,200	0,000
39,453	0,743	0,607	-0,200	0,000
39,502	0,751	0,548	-0,200	0,000
39,552	0,630	0,416	-0,000	0,200
39,603	0,601	0,412	-0,000	0,200
39,653	0,601	0,361	-0,000	0,200
39,703	0,840	0,566	-0,000	0,200
39,753	0,977	0,817	-0,000	0,200
39,803	1,119	1,049	-0,000	0,000
39,852	1,099	1,136	-0,000	0,000
39,902	1,173	1,234	-0,000	0,000
39,953	1,181	1,214	-0,000	0,000
40,002	1,064	1,086	-0,000	0,000
40,052	0,912	0,912	-0,000	0,000
40,102	0,741	0,702	-0,000	0,000
40,152	0,519	0,437	-0,000	0,000
40,202	0,391	0,180	-0,000	0,000
40,252	0,336	-0,007	-0,200	0,000
40,302	0,449	0,042	-0,200	0,000
40,352	0,716	0,322	-0,200	0,000
40,402	0,930	0,579	-0,200	0,000
40,452	0,844	0,542	-0,200	0,000
40,504	0,597	0,387	-0,200	0,000
40,553	0,231	-0,013	-0,200	0,000
40,602	0,258	-0,089	-0,200	0,000
40,653	0,517	0,151	-0,200	0,000
40,702	0,796	0,408	-0,000	0,200
40,753	1,039	0,727	-0,000	0,000
40,803	1,078	0,899	-0,000	0,000
40,852	1,082	0,944	-0,000	0,000
40,904	0,928	0,881	-0,000	0,000
40,952	0,772	0,716	-0,000	0,000
41,002	0,722	0,679	-0,000	0,000
41,052	0,655	0,496	-0,000	0,000
41,102	0,468	0,303	-0,000	0,000
41,154	0,342	0,056	-0,000	0,000
41,204	0,363	-0,048	-0,000	0,000
41,253	0,527	0,100	-0,200	0,000
41,302	0,665	0,346	-0,200	0,000
41,352	0,733	0,459	-0,200	0,000
41,402	0,681	0,371	-0,200	0,000
41,454	0,648	0,223	-0,200	0,000
41,503	0,620	0,200	-0,200	0,000
41,553	0,893	0,579	-0,200	0,000
41,603	1,094	0,940	-0,200	0,000
41,653	1,131	1,074	-0,000	0,200
41,703	1,177	1,170	-0,000	0,200
41,752	1,218	1,222	-0,000	0,200
41,803	1,201	1,199	-0,000	0,000
41,852	1,136	1,173	-0,000	0,000
41,902	0,983	1,066	-0,000	0,000
41,952	0,887	0,872	-0,000	0,000
42,002	0,648	0,616	-0,000	0,000
42,052	0,268	0,172	-0,000	0,000
42,102	0,046	-0,176	-0,200	0,000
42,152	-0,052	-0,383	-0,200	0,000
42,202	0,032	-0,429	-0,200	0,000
42,253	0,441	-0,108	-0,200	0,000
42,303	0,671	0,112	-0,200	0,000
42,353	0,821	0,250	-0,200	0,000
42,403	0,745	0,231	-0,200	0,000
42,452	0,505	0,046	-0,200	0,000
42,502	0,130	-0,301	-0,200	0,000
42,553	0,100	-0,357	-0,000	0,200
42,603	0,332	-0,233	-0,000	0,000
42,653	0,542	-0,104	-0,000	0,000
42,704	0,702	0,100	-0,000	0,000
42,752	0,856	0,297	-0,000	0,000
42,802	0,872	0,398	-0,000	0,000
42,852	0,653	0,250	-0,000	0,000
42,902	0,523	-0,005	-0,000	0,000
42,953	0,511	0,034	-0,000	0,000
43,002	0,412	-0,046	-0,000	0,000
43,052	0,371	-0,159	-0,000	0,000
43,103	0,367	-0,221	-0,000	0,000
43,152	0,640	0,046	-0,000	0,000
43,202	0,817	0,328	-0,200	0,000
43,252	0,764	0,484	-0,200	0,000
43,302	0,724	0,426	-0,200	0,000
43,353	0,634	0,256	-0,200	0,000
43,403	0,566	0,100	-0,200	0,000
43,452	0,673	0,250	-0,200	0,000
43,502	1,062	0,881	-0,200	0,000
43,553	1,189	1,138	-0,200	0,000
43,602	1,203	1,230	-0,200	0,000
43,653	1,222	1,249	-0,200	0,000
43,703	1,183	1,210	-0,200	0,000
43,752	1,156	1,156	-0,200	0,000
43,802	1,043	1,055	-0,200	0,000
43,852	0,951	0,926	-0,200	0,000
43,903	0,854	0,792	-0,200	0,000
43,952	0,687	0,583	-0,200	0,000
44,002	0,470	0,287	-0,200	0,000
44,052	0,081	-0,057	-0,200	0,000
44,104	-0,081	-0,392	-0,200	0,000
44,154	0,048	-0,266	-0,200	0,000
44,202	0,463	0,079	-0,200	0,000
44,252	0,675	0,272	-0,200	0,000
44,304	0,521	0,139	-0,200	0,000
44,352	0,402	-0,011	-0,200	0,000
44,402	0,067	-0,402	-0,200	0,000
44,454	0,038	-0,488	-0,200	0,000
44,502	0,281	-0,406	-0,000	0,200
44,552	0,492	-0,248	-0,000	0,000
44,602	0,755	-0,020	-0,000	0,000
44,652	0,909	0,246	-0,000	0,000
44,703	0,979	0,435	-0,000	0,000
44,753	0,934	0,579	-0,000	0,000
44,802	0,813	0,544	-0,000	0,000
44,852	0,712	0,552	-0,000	0,000
44,902	0,628	0,402	-0,000	0,000
44,952	0,437	0,229	-0,000	0,000
45,002	0,391	0,034	-0,000	0,000
45,053	0,410	-0,003	-0,000	0,000
45,102	0,564	0,091	-0,200	0,000
45,152	0,724	0,309	-0,200	0,000
45,203	0,733	0,441	-0,200	0,000
45,252	0,780	0,478	-0,200	0,000
45,303	0,747	0,445	-0,200	0,000
45,353	0,661	0,318	-0,200	0,000
45,402	0,675	0,223	-0,200	0,000
45,453	0,667	0,256	-0,200	0,000
45,502	0,700	0,330	-0,200	0,000
45,552	0,788	0,424	-0,200	0,000
45,603	0,875	0,527	-0,200	0,000
45,653	0,969	0,700	-0,200	0,000
45,703	0,988	0,844	-0,200	0,000
45,752	0,957	0,885	-0,200	0,000
45,802	0,907	0,868	-0,200	0,000
45,854	0,852	0,825	-0,200	0,000
45,904	0,774	0,790	-0,200	0,000
45,952	0,657	0,624	-0,200	0,000
46,002	0,426	0,330	-0,200	0,000
46,054	0,299	0,098	-0,200	0,000
46,102	0,285	0,003	-0,200	0,000
46,153	0,408	0,040	-0,200	0,000
46,202	0,591	0,180	-0,200	0,000
46,252	0,727	0,350	-0,200	0,000
46,303	0,792	0,451	-0,200	0,000
46,353	0,733	0,433	-0,200	0,000
46,402	0,581	0,268	-0,200	0,000
46,452	0,494	0,046	-0,200	0,000
46,502	0,490	0,036	-0,000	0,200
46,553	0,764	0,200	-0,000	0,000
46,602	1,016	0,597	-0,000	0,000
46,652	1,084	0,909	-0,000	0,000
46,704	1,265	1,263	-0,000	0,000
46,752	1,277	1,284	-0,000	0,000
46,802	1,238	1,279	-0,000	0,000
46,854	1,164	1,156	-0,000	0,000
46,904	1,002	0,992	-0,000	0,000
46,953	0,784	0,770	-0,000	0,000
47,004	0,437	0,437	-0,000	0,000
47,054	0,153	0,019	-0,000	0,000
47,102	0,260	-0,018	-0,200	0,000
47,152	0,465	0,106	-0,200	0,000
47,203	0,650	0,389	-0,200	0,000
47,252	0,827	0,609	-0,200	0,000
47,302	0,885	0,745	-0,200	0,000
47,353	0,870	0,745	-0,200	0,000
47,404	0,745	0,605	-0,200	0,000
47,452	0,548	0,256	-0,200	0,000
47,503	0,385	-0,075	-0,200	0,000
47,554	0,303	-0,203	-0,000	0,200
47,603	0,367	-0,118	-0,000	0,200
47,652	0,568	0,034	-0,000	0,200
47,702	0,875	0,311	-0,000	0,200
47,752	1,074	0,737	-0,000	0,200
47,804	1,047	0,926	-0,000	0,200
47,853	1,060	0,988	-0,000	0,200
47,904	0,992	0,963	-0,000	0,000
47,954	0,901	0,854	-0,000	0,000
48,002	0,757	0,692	-0,000	0,000
48,052	0,515	0,449	-0,000	0,000
48,104	0,350	0,219	-0,000	0,000
48,152	0,441	0,239	-0,000	0,000
48,204	0,593	0,344	-0,000	0,000
48,253	0,786	0,535	-0,200	0,000
48,303	0,821	0,492	-0,200	0,000
48,352	0,772	0,365	-0,200	0,000
48,402	0,757	0,371	-0,200	0,000
48,452	0,712	0,338	-0,200	0,000
48,502	0,597	0,209	-0,200	0,000
48,552	0,576	0,130	-0,200	0,000
48,602	0,453	-0,011	-0,200	0,000
48,653	0,330	-0,147	-0,200	0,000
48,703	0,517	-0,040	-0,200	0,000
48,753	0,694	0,114	-0,200	0,000
48,802	0,827	0,295	-0,200	0,000
48,852	0,819	0,394	-0,200	0,000
48,904	0,838	0,498	-0,200	0,000
48,952	0,819	0,525	-0,200	0,000
49,002	0,704	0,468	-0,000	0,200
49,052	0,655	0,363	-0,000	0,200
49,102	0,488	0,190	-0,000	0,200
49,152	0,363	0,003	-0,000	0,200
49,202	0,324	-0,112	-0,000	0,200
49,254	0,422	-0,001	-0,000	0,200
49,303	0,601	0,192	-0,000	0,200
49,353	0,704	0,287	-0,000	0,200
49,403	0,782	0,369	-0,000	0,200
49,452	0,815	0,435	-0,000	0,200
49,503	0,827	0,424	-0,000	0,200
49,553	0,790	0,463	-0,000	0,200
49,604	0,780	0,576	-0,000	0,000
49,653	0,944	0,776	-0,000	0,000
49,703	1,138	0,961	-0,000	0,000
49,752	1,271	1,210	-0,000	0,000
49,803	1,281	1,230	-0,000	0,000
49,852	1,199	1,177	-0,000	0,000
49,903	1,012	1,006	-0,000	0,000
49,952	0,895	0,897	-0,000	0,000
50,003	0,796	0,829	-0,000	0,000
50,052	0,570	0,690	-0,000	0,000
50,102	0,361	0,431	-0,200	0,000
50,152	0,394	0,241	-0,200	0,000
50,202	0,422	0,209	-0,200	0,000
50,252	0,607	0,428	-0,200	0,000
50,302	0,809	0,609	-0,200	0,000
50,354	0,798	0,632	-0,200	0,000
50,402	0,766	0,546	-0,200	0,000
50,452	0,433	0,248	-0,200	0,000
50,502	0,289	0,011	-0,200	0,000
50,552	-0,149	-0,408	-0,200	0,000
50,603	-0,149	-0,449	-0,000	0,200
50,654	-0,042	-0,480	-0,000	0,000
50,704	0,017	-0,540	-0,000	0,000
50,753	0,112	-0,511	-0,000	0,000
50,802	0,301	-0,445	-0,200	0,000
50,852	0,500	-0,328	-0,200	0,000
50,903	0,585	-0,307	-0,200	0,000
50,952	0,552	-0,392	-0,200	0,000
51,002	0,254	-0,681	-0,000	0,200
51,052	0,170	-0,780	-0,000	0,000
51,102	0,120	-0,805	-0,000	0,000
51,152	0,198	-0,737	-0,000	0,000
51,203	0,289	-0,657	-0,000	0,000
51,252	0,396	-0,548	-0,000	0,000
51,302	0,531	-0,361	-0,000	0,000
51,354	0,595	-0,233	-0,000	0,000
51,402	0,638	-0,194	-0,200	0,000
51,452	0,694	-0,155	-0,200	0,200
51,502	0,733	-0,104	-0,200	0,200
51,552	0,817	0,114	-0,200	0,200
51,602	1,008	0,544	-0,200	0,200
51,652	1,117	0,914	-0,200	0,200
51,703	1,142	1,076	-0,200	0,200
51,753	1,177	1,123	-0,200	0,200
51,803	1,060	1,080	-0,200	0,200
51,852	0,895	0,926	-0,200	0,000
51,902	0,856	0,848	-0,200	0,000
51,953	0,827	0,704	-0,200	0,000
52,002	0,745	0,572	-0,200	0,000
52,052	0,513	0,346	-0,200	0,000
52,102	0,365	0,147	-0,200	0,000
52,154	0,013	-0,063	-0,200	0,000
52,202	0,011	-0,176	-0,200	0,000
52,252	0,258	-0,038	-0,200	0,000
52,302	0,505	0,145	-0,200	0,000
52,352	0,509	0,126	-0,200	0,000
52,402	0,398	-0,174	-0,200	0,000
52,452	0,143	-0,474	-0,200	0,000
52,502	-0,077	-0,706	-0,200	0,000
52,553	0,071	-0,616	-0,200	0,000
52,602	0,278	-0,470	-0,200	0,000
52,652	0,441	-0,365	-0,000	0,200
52,702	0,657	-0,192	-0,000	0,000
52,753	0,786	-0,018	-0,000	0,000
52,804	0,778	0,102	-0,000	0,000
52,853	0,743	0,118	-0,000	0,000
52,902	0,739	0,161	-0,000	0,000
52,952	0,648	0,124	-0,000	0,000
53,004	0,500	-0,003	-0,000	0,000
53,052	0,457	-0,104	-0,000	0,000
53,102	0,533	-0,011	-0,000	0,000
53,152	0,607	0,040	-0,000	0,000
53,204	0,653	0,067	-0,000	0,000
53,252	0,648	0,198	-0,200	0,000
53,302	0,650	0,180	-0,200	0,000
53,354	0,609	0,073	-0,200	0,000
53,402	0,638	0,028	-0,200	0,000
53,452	0,739	0,167	-0,200	0,000
53,502	0,877	0,457	-0,200	0,000
53,552	0,981	0,751	-0,200	0,000
53,603	1,000	0,846	-0,200	0,000
53,653	1,025	0,907	-0,200	0,000
53,703	0,918	0,916	-0,200	0,000
53,753	0,872	0,852	-0,200	0,000
53,804	0,823	0,778	-0,200	0,000
53,854	0,761	0,650	-0,200	0,000
53,903	0,696	0,523	-0,200	0,000
53,952	0,548	0,342	-0,200	0,000
54,002	0,480	0,215	-0,200	0,000
54,052	0,326	0,028	-0,200	0,000
54,102	0,320	-0,166	-0,200	0,000
54,154	0,443	-0,077	-0,200	0,000
54,202	0,599	0,028	-0,200	0,000
54,253	0,628	0,081	-0,200	0,000
54,302	0,576	0,073	-0,200	0,000
54,354	0,441	-0,044	-0,200	0,000
54,403	0,550	0,013	-0,200	0,000
54,453	0,539	-0,030	-0,200	0,000
54,502	0,842	0,260	-0,000	0,200
54,552	1,072	0,669	-0,000	0,000
54,602	1,222	1,029	-0,000	0,000
54,652	1,284	1,288	-0,000	0,000
54,703	1,232	1,224	-0,000	0,000
54,753	1,150	1,160	-0,000	0,000
54,804	1,004	1,010	-0,000	0,000
54,852	0,887	0,858	-0,000	0,000
54,903	0,761	0,667	-0,000	0,000
54,953	0,494	0,379	-0,000	0,000
55,003	0,276	0,106	-0,000	0,000
55,053	0,318	0,034	-0,200	0,000
55,102	0,431	0,124	-0,200	0,000
55,153	0,661	0,404	-0,200	0,000
55,202	0,835	0,605	-0,200	0,000
55,253	0,840	0,624	-0,200	0,000
55,303	0,687	0,445	-0,200	0,000
55,352	0,601	0,233	-0,200	0,000
55,403	0,622	0,219	-0,200	0,000
55,453	0,704	0,463	-0,200	0,000
55,503	0,932	0,731	-0,000	0,200
55,553	1,062	0,934	-0,000	0,200
55,603	1,096	1,002	-0,000	0,200
55,653	1,018	0,975	-0,000	0,200
55,702	1,010	0,977	-0,000	0,000
55,754	0,901	0,907	-0,000	0,000
55,803	0,846	0,803	-0,000	0,000
55,852	0,755	0,663	-0,000	0,000
55,902	0,624	0,517	-0,000	0,000
55,953	0,455	0,315	-0,000	0,000
56,002	0,391	0,196	-0,000	0,000
56,052	0,424	0,188	-0,200	0,000
56,102	0,570	0,297	-0,200	0,000
56,152	0,696	0,398	-0,200	0,000
56,204	0,739	0,463	-0,200	0,000
56,253	0,702	0,433	-0,200	0,000
56,302	0,591	0,330	-0,200	0,000
56,354	0,439	0,075	-0,200	0,000
56,402	0,424	-0,069	-0,200	0,000
56,452	0,439	-0,114	-0,000	0,200
56,503	0,700	0,161	-0,000	0,000
56,552	0,877	0,404	-0,000	0,000
56,602	1,062	0,729	-0,000	0,000
56,652	1,140	1,025	-0,000	0,000
56,702	1,101	1,039	-0,000	0,000
56,752	1,033	1,027	-0,000	0,000
56,802	0,897	0,969	-0,000	0,000
56,852	0,774	0,796	-0,000	0,000
56,902	0,755	0,743	-0,000	0,000
56,952	0,638	0,558	-0,000	0,000
57,003	0,525	0,313	-0,000	0,000
57,054	0,379	0,050	-0,200	0,000
57,102	0,391	-0,102	-0,200	0,000
57,154	0,480	-0,005	-0,200	0,000
57,202	0,616	0,262	-0,200	0,000
57,252	0,768	0,414	-0,200	0,000
57,304	0,798	0,480	-0,200	0,000
57,354	0,807	0,482	-0,200	0,000
57,403	0,815	0,537	-0,200	0,000
57,452	0,798	0,583	-0,200	0,000
57,504	0,955	0,803	-0,000	0,200
57,552	1,082	0,992	-0,000	0,200
57,603	1,210	1,230	-0,000	0,200
57,652	1,197	1,226	-0,000	0,200
57,704	1,164	1,214	-0,000	0,000
57,753	1,070	1,086	-0,000	0,000
57,802	0,920	0,928	-0,000	0,000
57,852	0,759	0,764	-0,000	0,000
57,903	0,572	0,519	-0,000	0,000
57,952	0,330	0,161	-0,000	0,000
58,003	0,200	-0,059	-0,200	0,000
58,052	0,176	-0,104	-0,200	0,000
58,102	0,354	0,079	-0,200	0,000
58,152	0,675	0,342	-0,200	0,000
58,202	0,815	0,494	-0,200	0,000
58,254	0,712	0,463	-0,200	0,000
58,303	0,546	0,225	-0,200	0,000
58,352	0,322	-0,030	-0,200	0,000
58,402	0,026	-0,435	-0,000	0,200
58,453	-0,042	-0,558	-0,000	0,000
58,502	0,170	-0,410	-0,000	0,000
58,552	0,428	-0,221	-0,000	0,000
58,603	0,766	0,087	-0,000	0,000
58,653	0,885	0,297	-0,000	0,000
58,704	0,846	0,412	-0,000	0,000
58,754	0,782	0,449	-0,000	0,000
58,803	0,613	0,348	-0,000	0,000
58,852	0,482	0,141	-0,000	0,000
58,904	0,305	-0,085	-0,000	0,000
58,953	0,375	-0,059	-0,000	0,000
59,003	0,474	-0,032	-0,000	0,000
59,053	0,433	-0,166	-0,000	0,000
59,103	0,110	-0,607	-0,200	0,000
59,152	0,139	-0,694	-0,200	0,000
59,203	0,149	-0,727	-0,200	0,000
59,252	0,192	-0,739	-0,200	0,000
59,302	0,211	-0,737	-0,200	0,000
59,352	0,252	-0,747	-0,200	0,000
59,403	0,262	-0,743	-0,200	0,000
59,454	0,309	-0,700	-0,200	0,000
59,503	0,383	-0,642	-0,200	0,000
59,552	0,451	-0,568	-0,200	0,000
59,603	0,490	-0,523	-0,200	0,000
59,652	0,523	-0,480	-0,000	0,200
59,702	0,539	-0,439	-0,000	0,000
59,752	0,576	-0,373	-0,000	0,000
59,802	0,632	-0,272	-0,000	0,000
59,852	0,685	-0,161	-0,000	0,000
59,903	0,716	-0,061	-0,000	0,000
59,952	0,759	0,048	-0,000	0,000
60,002	0,778	0,147	-0,000	0,000
60,052	0,745	0,198	-0,000	0,000
60,102	0,727	0,231	-0,000	0,000
60,153	0,714	0,272	-0,000	0,000
60,203	0,648	0,252	-0,000	0,000
60,253	0,609	0,225	-0,000	0,000
60,304	0,599	0,229	-0,200	0,000
60,352	0,657	0,260	-0,200	0,000
60,404	0,570	0,192	-0,200	0,000
60,453	0,535	0,133	-0,200	0,000
60,502	0,597	0,165	-0,200	0,000
60,552	0,648	0,202	-0,200	0,000
60,604	0,770	0,375	-0,200	0,000
60,654	0,780	0,484	-0,200	0,000
60,703	0,690	0,437	-0,200	0,000
60,752	0,727	0,488	-0,200	0,000
60,802	0,778	0,558	-0,200	0,000
60,853	0,710	0,566	-0,200	0,000
60,903	0,611	0,443	-0,200	0,000
60,953	0,465	0,198	-0,200	0,000
61,003	0,459	0,141	-0,200	0,000
61,052	0,579	0,252	-0,200	0,000
61,102	0,595	0,276	-0,200	0,000
61,152	0,550	0,231	-0,200	0,000
61,203	0,527	0,233	-0,200	0,000
61,253	0,521	0,227	-0,200	0,000
61,304	0,377	0,211	-0,200	0,000
61,353	0,385	0,163	-0,200	0,000
61,404	0,449	0,153	-0,200	0,000
61,452	0,581	0,143	-0,200	0,000
61,502	0,474	-0,009	-0,000	0,200
61,552	0,213	-0,351	-0,000	0,200
61,602	0,128	-0,566	-0,000	0,000
61,653	0,100	-0,720	-0,000	0,000
61,703	0,075	-0,811	-0,000	0,000
61,752	0,059	-0,848	-0,000	0,000
61,802	0,063	-0,840	-0,000	0,000
61,853	-0,005	-0,879	-0,000	0,000
61,903	-0,040	-0,979	-0,000	0,000
61,952	0,042	-1,066	-0,000	0,000
62,004	-0,055	-1,121	-0,000	0,000
62,052	-0,042	-1,095	-0,000	0,000
62,103	-0,028	-0,982	-0,000	0,000
62,153	-0,147	-0,998	-0,000	0,000
62,203	-0,079	-0,887	-0,000	0,000
62,252	0,186	-0,873	-0,000	0,000
62,302	0,192	-0,821	-0,000	0,000
62,352	0,248	-0,751	-0,000	0,000
62,402	0,342	-0,638	-0,000	0,000
62,453	0,342	-0,597	-0,000	0,000
62,503	0,369	-0,562	-0,000	0,000
62,552	0,428	-0,515	-0,000	0,000
62,603	0,404	-0,511	-0,000	0,000
62,653	0,402	-0,455	-0,000	0,000
62,702	0,459	-0,371	-0,000	0,000
62,752	0,531	-0,274	-0,000	0,000
62,803	0,519	-0,237	-0,000	0,000
62,853	0,554	-0,190	-0,000	0,000
62,902	0,566	-0,155	-0,200	0,000
62,953	0,574	-0,108	-0,200	0,000
63,002	0,572	-0,096	-0,200	0,000
63,052	0,607	-0,034	-0,200	0,000
63,102	0,632	0,005	-0,200	0,000
63,153	0,599	0,040	-0,200	0,000
63,203	0,655	0,114	-0,200	0,000
63,252	0,679	0,153	-0,200	0,000
63,302	0,665	0,157	-0,200	0,000
63,354	0,630	0,141	-0,200	0,000
63,402	0,636	0,149	-0,200	0,000
63,453	0,642	0,141	-0,200	0,000
63,503	0,609	0,139	-0,200	0,000
63,553	0,616	0,145	-0,200	0,000
63,602	0,646	0,155	-0,200	0,000
63,652	0,618	0,151	-0,200	0,000
63,702	0,579	0,143	-0,200	0,000
63,753	0,611	0,149	-0,200	0,000
63,803	0,599	0,157	-0,200	0,000
63,852	0,607	0,165	-0,200	0,000
63,902	0,613	0,178	-0,200	0,000
63,952	0,613	0,180	-0,200	0,000
64,002	0,616	0,194	-0,200	0,000
64,052	0,613	0,192	-0,000	0,200
64,104	0,583	0,182	-0,000	0,200
64,153	0,597	0,188	-0,000	0,200
64,203	0,620	0,194	-0,000	0,200
64,252	0,632	0,198	-0,000	0,200
64,304	0,605	0,188	-0,000	0,200
64,352	0,601	0,184	-0,000	0,200
64,403	0,579	0,172	-0,000	0,200
64,453	0,579	0,170	-0,000	0,200
64,503	0,624	0,202	-0,000	0,200
64,552	0,644	0,211	-0,000	0,200
64,603	0,626	0,202	-0,000	0,200
64,652	0,640	0,215	-0,000	0,200
64,704	0,632	0,213	-0,000	0,200
64,752	0,661	0,225	-0,000	0,200
64,802	0,657	0,223	-0,000	0,200
64,853	0,630	0,207	-0,000	0,200
64,903	0,611	0,202	-0,000	0,200
64,953	0,630	0,209	-0,000	0,200
65,002	0,634	0,211	-0,000	0,200
65,052	0,640	0,213	-0,000	0,200
65,103	0,587	0,186	-0,000	0,200
65,154	0,574	0,182	-0,000	0,200
65,204	0,613	0,192	-0,000	0,200
65,252	0,638	0,202	-0,000	0,200
65,302	0,595	0,188	-0,000	0,200
65,353	0,599	0,192	-0,000	0,200
65,403	0,636	0,211	-0,000	0,200
65,453	0,634	0,215	-0,000	0,200
65,502	0,650	0,227	-0,000	0,200
65,552	0,638	0,219	-0,000	0,200
65,602	0,605	0,198	-0,000	0,200
65,653	0,624	0,207	-0,000	0,200
65,703	0,583	0,190	-0,000	0,200
65,753	0,572	0,182	-0,000	0,200
65,802	0,599	0,194	-0,000	0,200
65,852	0,634	0,204	-0,000	0,200
65,902	0,626	0,198	-0,000	0,200
65,952	0,622	0,196	-0,000	0,200
66,002	0,601	0,188	-0,000	0,200
66,052	0,599	0,184	-0,000	0,200
66,102	0,626	0,198	-0,000	0,200
66,152	0,613	0,198	-0,000	0,200
66,202	0,630	0,209	-0,000	0,200
66,252	0,601	0,196	-0,000	0,200
66,302	0,591	0,192	-0,000	0,200
66,353	0,585	0,188	-0,000	0,200
66,402	0,579	0,186	-0,000	0,200
66,452	0,599	0,194	-0,000	0,200
66,502	0,603	0,194	-0,000	0,200
66,553	0,579	0,180	-0,000	0,200
66,602	0,640	0,207	-0,000	0,200
66,652	0,632	0,200	-0,000	0,200
66,702	0,638	0,207	-0,000	0,200
66,753	0,585	0,182	-0,000	0,200
66,803	0,601	0,192	-0,000	0,200
66,852	0,611	0,198	-0,000	0,200
66,904	0,613	0,198	-0,000	0,200
66,954	0,603	0,196	-0,000	0,200
67,004	0,576	0,184	-0,000	0,200
67,052	0,613	0,196	-0,000	0,200
67,102	0,597	0,190	-0,000	0,200
67,152	0,583	0,186	-0,000	0,200
67,203	0,585	0,186	-0,000	0,200
67,253	0,601	0,194	-0,000	0,200
67,303	0,636	0,213	-0,000	0,200
67,354	0,587	0,192	-0,000	0,200
67,403	0,593	0,196	-0,000	0,200
67,452	0,597	0,196	-0,000	0,200
67,502	0,599	0,196	-0,000	0,200
67,552	0,642	0,217	-0,000	0,200
67,602	0,636	0,215	-0,000	0,200
67,653	0,607	0,204	-0,000	0,200
67,704	0,589	0,194	-0,000	0,200
67,752	0,638	0,213	-0,000	0,200
67,802	0,601	0,198	-0,000	0,200
67,852	0,564	0,180	-0,000	0,200
67,902	0,605	0,194	-0,000	0,200
67,953	0,583	0,188	-0,000	0,200
68,002	0,609	0,198	-0,000	0,200
68,053	0,597	0,194	-0,000	0,200
68,103	0,599	0,198	-0,000	0,200
68,154	0,585	0,188	-0,000	0,200
68,203	0,591	0,190	-0,000	0,200
68,252	0,646	0,219	-0,000	0,200
