Time (Sec)	AccX - R (g)	Time (Sec)	Swing
0,002	-0,124	0,482	0,000
0,073	-0,114	0,437	0,000
0,174	-0,145	0,385	0,000
0,273	-0,137	0,320	0,000
0,374	-0,143	0,287	0,000
0,474	-0,131	0,237	0,000
0,575	-0,118	0,192	0,000
0,675	-0,131	0,184	0,000
0,773	-0,133	0,172	0,000
0,873	-0,124	0,153	0,000
0,973	-0,126	0,137	0,000
1,073	-0,116	0,112	0,000
1,173	-0,118	0,112	0,000
1,274	-0,110	0,087	0,000
1,373	-0,110	0,083	0,000
1,473	-0,110	0,083	0,000
1,573	-0,106	0,075	0,000
1,674	-0,098	0,061	0,000
1,774	-0,102	0,065	0,000
1,873	-0,104	0,067	0,000
1,973	-0,100	0,056	0,000
2,073	-0,102	0,061	0,000
2,174	-0,102	0,054	0,000
2,275	-0,089	0,034	0,000
2,373	-0,108	0,056	0,000
2,474	-0,100	0,046	0,000
2,574	-0,106	0,054	0,000
2,674	-0,106	0,048	0,000
2,774	-0,104	0,050	0,000
2,873	-0,102	0,054	0,000
2,973	-0,098	0,040	0,000
3,074	-0,104	0,048	0,000
3,173	-0,102	0,050	0,000
3,273	-0,104	0,052	0,000
3,373	-0,104	0,046	0,000
3,473	-0,042	-0,024	0,000
3,574	-0,044	-0,015	0,000
3,675	-0,102	0,046	0,000
3,774	-0,089	0,024	0,000
3,875	-0,100	0,036	0,000
3,974	-0,104	0,044	0,000
4,074	-0,096	0,026	0,000
4,173	-0,096	0,030	0,000
4,274	-0,081	0,024	0,000
4,373	-0,104	0,046	0,000
4,474	-0,085	0,024	0,000
4,574	-0,089	0,024	0,000
4,674	-0,094	0,030	0,000
4,774	-0,098	0,042	0,000
4,874	-0,061	-0,018	0,000
4,975	-0,106	0,042	0,000
5,074	-0,092	0,022	0,000
5,173	-0,102	0,042	0,000
5,274	-0,098	0,032	0,000
5,373	-0,100	0,042	0,000
5,474	-0,094	0,030	0,000
5,574	-0,102	0,034	0,000
5,673	-0,106	0,042	0,000
5,774	-0,096	0,026	0,000
5,873	-0,106	0,048	0,000
5,975	-0,104	0,038	0,000
6,073	-0,102	0,054	0,000
6,174	-0,098	0,067	0,000
6,273	-0,104	0,063	0,000
6,374	-0,108	0,038	0,000
6,473	-0,110	0,030	0,000
6,573	-0,108	0,048	0,000
6,673	-0,104	0,036	0,000
6,773	-0,096	0,034	0,000
6,874	-0,092	0,028	0,000
6,973	-0,100	0,040	0,000
7,074	-0,089	0,030	0,000
7,174	-0,100	0,044	0,000
7,273	-0,102	0,044	0,000
7,373	-0,098	0,040	0,000
7,473	-0,094	0,038	0,000
7,573	-0,098	0,038	0,000
7,673	-0,106	0,040	0,000
7,774	-0,104	0,038	0,000
7,874	-0,102	0,042	0,000
7,973	-0,104	0,048	0,000
8,074	-0,102	0,040	0,000
8,174	-0,108	0,048	0,000
8,274	-0,106	0,040	0,000
8,373	-0,102	0,042	0,000
8,475	-0,104	0,040	0,000
8,575	-0,098	0,032	0,000
8,673	-0,098	0,048	0,000
8,773	-0,100	0,042	0,000
8,873	-0,100	0,048	0,000
8,974	-0,073	0,011	0,000
9,073	-0,098	0,044	0,000
9,173	-0,102	0,044	0,000
9,273	-0,100	0,046	0,000
9,373	-0,102	0,046	0,000
9,473	-0,102	0,042	0,000
9,573	-0,102	0,046	0,000
9,673	-0,098	0,046	0,000
9,773	-0,100	0,042	0,000
9,873	-0,102	0,046	0,000
9,975	-0,102	0,046	0,000
10,073	-0,104	0,050	0,000
10,173	-0,094	0,032	0,000
10,273	-0,108	0,044	0,000
10,374	-0,104	0,046	0,000
10,473	-0,104	0,046	0,000
10,573	-0,102	0,040	0,000
10,674	-0,104	0,046	0,000
10,774	-0,102	0,040	0,000
10,873	-0,106	0,042	0,000
10,973	-0,102	0,042	0,000
11,075	-0,098	0,044	0,000
11,173	-0,083	0,032	0,000
11,273	-0,085	0,030	0,000
11,375	-0,100	0,046	0,000
11,473	-0,094	0,042	0,000
11,574	-0,098	0,050	0,000
11,673	-0,100	0,048	0,000
11,773	-0,102	0,048	0,000
11,874	-0,100	0,044	0,000
11,974	-0,102	0,048	0,000
12,074	-0,096	0,042	0,000
12,173	-0,059	0,003	0,000
12,274	-0,098	0,046	0,000
12,374	-0,102	0,042	0,000
12,474	-0,098	0,036	0,000
12,575	-0,094	0,026	0,000
12,673	-0,102	0,044	0,000
12,773	-0,036	-0,024	0,000
