Time (Sec)	AccX - R (g)	Time (Sec)	Swing
0,012	-0,170	-0,112	-0,200	0,000
0,037	0,153	0,065	-0,200	0,000
0,067	0,079	-0,098	-0,200	0,000
0,116	0,116	-0,139	-0,200	0,000
0,167	0,198	-0,129	-0,200	0,000
0,216	0,248	-0,126	-0,200	0,000
0,266	0,293	-0,120	-0,200	0,000
0,315	0,330	-0,106	-0,200	0,000
0,365	0,359	-0,094	-0,200	0,000
0,415	0,406	-0,059	-0,200	0,000
0,466	0,556	0,081	-0,200	0,000
0,516	0,426	-0,044	-0,200	0,000
0,565	0,424	-0,046	-0,200	0,000
0,615	0,426	-0,038	-0,200	0,000
0,665	0,424	-0,032	-0,200	0,000
0,717	0,646	0,186	-0,200	0,000
0,766	0,599	0,145	-0,200	0,000
0,816	0,704	0,246	-0,200	0,000
0,867	0,724	0,266	-0,200	0,000
0,915	0,593	0,147	-0,200	0,000
0,966	0,587	0,141	-0,200	0,000
1,015	0,511	0,079	-0,200	0,000
1,065	0,513	0,083	-0,200	0,000
1,116	0,597	0,167	-0,200	0,000
1,165	0,607	0,174	-0,200	0,000
1,215	0,630	0,198	-0,200	0,000
1,265	0,597	0,170	-0,200	0,000
1,317	0,624	0,202	-0,200	0,000
1,367	0,650	0,223	-0,200	0,000
1,415	0,550	0,139	-0,200	0,000
1,466	0,525	0,120	-0,200	0,000
1,516	0,539	0,137	-0,200	0,000
1,565	0,507	0,110	-0,200	0,000
1,616	0,568	0,167	-0,200	0,000
1,667	0,626	0,215	-0,200	0,000
1,716	0,519	0,122	-0,200	0,000
1,765	0,492	0,100	-0,200	0,000
1,816	0,451	0,067	-0,200	0,000
1,867	0,490	0,108	-0,200	0,000
1,917	0,492	0,116	-0,200	0,000
1,965	0,461	0,093	-0,200	0,000
2,015	0,457	0,091	-0,200	0,000
2,066	0,447	0,085	-0,200	0,000
2,116	0,640	0,262	-0,200	0,000
2,165	0,589	0,213	-0,200	0,000
2,215	0,472	0,100	-0,200	0,000
2,266	0,513	0,137	-0,200	0,000
2,315	0,704	0,311	-0,200	0,000
2,366	0,663	0,268	-0,200	0,000
2,416	0,539	0,147	-0,200	0,000
2,467	0,667	0,260	-0,200	0,000
2,515	0,556	0,149	-0,200	0,000
2,566	0,661	0,239	-0,200	0,000
2,616	0,624	0,204	-0,200	0,000
2,666	0,517	0,112	-0,200	0,000
2,717	0,653	0,229	-0,200	0,000
2,766	0,634	0,215	-0,200	0,000
2,816	0,537	0,126	-0,200	0,000
2,867	0,605	0,190	-0,200	0,000
2,915	0,603	0,194	-0,200	0,000
2,965	0,657	0,241	-0,200	0,000
3,017	0,628	0,211	-0,200	0,000
3,065	0,710	0,209	-0,200	0,000
3,117	0,560	0,182	-0,200	0,000
3,166	0,579	0,151	-0,200	0,000
3,215	0,550	0,102	-0,200	0,000
3,267	0,831	0,248	-0,200	0,000
3,316	0,805	0,287	-0,200	0,000
3,365	0,895	0,431	-0,200	0,000
3,417	0,846	0,338	-0,200	0,000
3,466	0,788	0,357	-0,200	0,000
3,516	0,593	0,213	-0,200	0,000
3,565	0,404	-0,015	-0,200	0,000
3,615	0,441	-0,172	-0,200	0,000
3,665	0,313	-0,316	-0,200	0,000
3,717	0,414	-0,295	-0,200	0,000
3,766	0,521	-0,215	-0,200	0,000
3,816	0,544	-0,172	-0,200	0,000
3,867	0,544	-0,155	-0,200	0,000
3,917	0,478	-0,229	-0,200	0,000
3,966	0,439	-0,287	-0,200	0,000
4,017	0,465	-0,299	-0,200	0,000
4,065	0,478	-0,314	-0,200	0,000
4,116	0,556	-0,242	-0,000	0,200
4,166	0,572	-0,219	-0,000	0,200
4,217	0,648	-0,131	-0,000	0,200
4,267	0,733	-0,018	-0,000	0,200
4,315	0,755	0,056	-0,000	0,200
4,365	0,844	0,153	-0,000	0,200
4,415	0,704	0,022	-0,000	0,200
4,466	0,753	0,067	-0,000	0,200
4,516	0,739	0,077	-0,000	0,000
4,566	0,622	-0,071	-0,000	0,000
4,616	0,702	-0,063	-0,000	0,000
4,665	0,698	-0,075	-0,000	0,000
4,716	0,683	-0,063	-0,000	0,000
4,765	0,554	-0,151	-0,200	0,000
4,816	0,620	-0,073	-0,200	0,000
4,866	0,673	0,011	-0,200	0,000
4,916	0,548	-0,081	-0,200	0,000
4,966	0,521	-0,209	-0,200	0,000
5,017	0,650	-0,120	-0,200	0,000
5,066	0,640	-0,129	-0,200	0,000
5,116	0,757	-0,011	-0,200	0,000
5,167	0,624	-0,116	-0,200	0,000
5,215	0,535	-0,163	-0,200	0,000
5,266	0,585	-0,124	-0,200	0,000
5,317	0,673	-0,040	-0,200	0,000
5,367	0,665	-0,032	-0,200	0,000
5,416	0,671	-0,011	-0,200	0,000
5,466	0,574	-0,077	-0,200	0,000
5,517	0,657	0,017	-0,200	0,000
5,566	0,605	-0,028	-0,200	0,000
5,616	0,581	-0,102	-0,200	0,000
5,665	0,587	-0,120	-0,200	0,000
5,715	0,655	-0,026	-0,200	0,000
5,767	0,611	-0,129	-0,200	0,000
5,815	0,576	-0,126	-0,200	0,000
5,866	0,700	0,034	-0,200	0,000
5,915	0,593	-0,038	-0,200	0,000
5,966	0,690	0,046	-0,200	0,000
6,015	0,455	-0,153	-0,200	0,000
6,067	0,626	0,017	-0,200	0,000
6,116	0,622	0,005	-0,200	0,000
6,165	0,632	0,030	-0,200	0,000
6,215	0,533	-0,052	-0,200	0,000
6,267	0,694	0,114	-0,200	0,000
6,316	0,692	0,126	-0,200	0,000
6,367	0,646	0,087	-0,200	0,000
6,416	0,601	0,034	-0,200	0,000
6,466	0,739	0,130	-0,200	0,000
6,516	0,667	0,036	-0,200	0,000
6,566	0,515	-0,217	-0,200	0,000
6,616	0,515	-0,570	-0,200	0,000
6,666	0,554	-0,593	-0,200	0,000
6,715	0,552	-0,727	-0,200	0,000
6,767	0,560	-0,683	-0,200	0,000
6,816	0,447	-0,745	-0,200	0,000
6,866	0,537	-0,718	-0,200	0,000
6,915	0,552	-0,698	-0,200	0,000
6,965	0,574	-0,749	-0,200	0,000
7,017	0,644	-0,480	-0,200	0,000
7,067	0,638	-0,429	-0,200	0,000
7,116	0,624	-0,381	-0,200	0,000
7,165	0,650	-0,311	-0,000	0,200
7,215	0,644	-0,285	-0,000	0,200
7,267	0,611	-0,240	-0,000	0,200
7,315	0,628	-0,281	-0,000	0,200
7,366	0,449	-0,581	-0,000	0,200
7,416	0,519	-0,737	-0,000	0,200
7,466	0,566	-0,934	-0,000	0,200
7,516	0,513	-0,945	-0,000	0,200
7,565	0,595	-0,655	-0,000	0,200
7,616	0,544	-0,723	-0,000	0,200
7,665	0,525	-0,665	-0,000	0,200
7,715	0,587	-0,482	-0,000	0,200
7,766	0,671	-0,305	-0,000	0,200
7,816	0,714	-0,200	-0,000	0,200
7,866	0,616	-0,246	-0,000	0,200
7,917	0,597	-0,223	-0,000	0,200
7,966	0,605	-0,159	-0,000	0,200
8,015	0,511	-0,221	-0,000	0,200
8,065	0,525	-0,190	-0,000	0,200
8,116	0,568	-0,110	-0,000	0,200
8,166	0,583	-0,079	-0,000	0,200
8,215	0,519	-0,120	-0,000	0,200
8,266	0,492	-0,131	-0,000	0,200
8,315	0,542	-0,079	-0,000	0,200
8,366	0,552	-0,044	-0,000	0,200
8,416	0,566	-0,011	-0,000	0,200
8,466	0,566	-0,007	-0,000	0,200
8,516	0,535	-0,020	-0,000	0,200
8,566	0,537	-0,001	-0,000	0,200
8,616	0,517	-0,022	-0,000	0,200
8,666	0,692	0,165	-0,000	0,200
8,716	0,655	0,139	-0,000	0,200
8,766	0,624	0,116	-0,000	0,200
8,815	0,622	0,128	-0,000	0,200
8,865	0,653	0,157	-0,000	0,200
8,916	0,657	0,165	-0,000	0,200
8,967	0,646	0,163	-0,000	0,200
9,016	0,618	0,135	-0,000	0,200
9,065	0,634	0,161	-0,000	0,200
9,117	0,696	0,229	-0,000	0,200
9,166	0,624	0,165	-0,000	0,200
9,216	0,706	0,248	-0,000	0,200
9,265	0,683	0,231	-0,000	0,200
9,317	0,741	0,285	-0,000	0,200
9,365	0,663	0,217	-0,000	0,200
9,416	0,556	0,118	-0,000	0,200
9,465	0,607	0,172	-0,000	0,200
9,517	0,749	0,313	-0,000	0,200
9,567	0,710	0,276	-0,000	0,200
9,617	0,729	0,295	-0,000	0,200
9,666	0,646	0,215	-0,000	0,200
9,715	0,657	0,221	-0,000	0,200
9,766	0,729	0,299	-0,000	0,200
9,816	0,622	0,190	-0,000	0,200
9,865	0,568	0,145	-0,000	0,200
9,916	0,655	0,231	-0,000	0,200
9,966	0,755	0,334	-0,000	0,200
10,015	0,529	0,112	-0,000	0,200
10,067	0,735	0,311	-0,000	0,200
10,116	0,663	0,244	-0,000	0,200
10,166	0,628	0,204	-0,000	0,200
10,215	0,585	0,176	-0,000	0,200
10,266	0,761	0,350	-0,000	0,200
10,317	0,710	0,295	-0,000	0,200
10,366	0,685	0,285	-0,000	0,200
10,416	0,690	0,281	-0,000	0,200
10,465	0,581	0,178	-0,000	0,200
10,515	0,741	0,340	-0,000	0,200
10,565	0,439	0,038	-0,000	0,200
10,615	0,391	0,005	-0,000	0,200
10,665	0,428	0,003	-0,000	0,200
10,715	0,383	0,003	-0,000	0,200
10,765	0,412	-0,013	-0,000	0,200
10,815	0,468	0,030	-0,000	0,200
10,865	0,470	0,038	-0,000	0,200
10,917	0,422	0,003	-0,000	0,200
10,966	0,418	-0,007	-0,000	0,200
11,016	0,426	-0,005	-0,000	0,200
11,065	0,433	0,003	-0,000	0,200
11,115	0,428	-0,005	-0,000	0,200
11,167	0,463	0,038	-0,000	0,200
11,216	0,428	-0,001	-0,000	0,200
11,266	0,451	0,017	-0,000	0,200
11,315	0,437	0,013	-0,000	0,200
11,365	0,437	0,028	-0,000	0,200
11,415	0,414	0,009	-0,000	0,200
11,467	0,404	0,007	-0,000	0,200
11,516	0,412	0,015	-0,000	0,200
11,566	0,418	0,015	-0,000	0,200
11,615	0,445	0,038	-0,000	0,200
11,665	0,443	0,026	-0,000	0,200
11,715	0,451	0,032	-0,000	0,200
11,766	0,420	-0,005	-0,000	0,200
11,815	0,428	0,003	-0,000	0,200
11,865	0,437	0,022	-0,000	0,200
11,916	0,498	0,085	-0,000	0,200
11,966	0,525	0,106	-0,000	0,200
12,015	0,455	0,030	-0,000	0,200
12,065	0,443	0,022	-0,000	0,200
12,115	0,451	0,026	-0,000	0,200
12,165	0,465	0,032	-0,000	0,200
12,215	0,426	-0,005	-0,000	0,200
12,265	0,441	-0,003	-0,000	0,200
12,315	0,521	0,093	-0,000	0,200
12,366	0,426	-0,067	-0,000	0,200
12,415	0,439	-0,052	-0,000	0,200
12,465	0,433	-0,052	-0,000	0,200
12,515	0,431	-0,059	-0,000	0,200
12,565	0,447	-0,042	-0,000	0,200
12,615	0,459	-0,024	-0,000	0,200
12,665	0,451	-0,007	-0,000	0,200
12,716	0,443	-0,020	-0,000	0,200
12,765	0,447	0,003	-0,000	0,200
12,815	0,445	0,019	-0,000	0,200
12,865	0,443	-0,011	-0,000	0,200
12,915	0,455	-0,013	-0,000	0,200
12,967	0,447	-0,036	-0,000	0,200
13,015	0,453	-0,034	-0,000	0,200
13,065	0,443	-0,034	-0,000	0,200
13,116	0,443	-0,038	-0,000	0,200
13,165	0,437	-0,075	-0,000	0,200
13,216	0,433	-0,114	-0,000	0,200
13,266	0,439	-0,145	-0,000	0,200
13,315	0,449	-0,092	-0,000	0,200
13,366	0,465	-0,024	-0,000	0,200
13,417	0,509	0,046	-0,000	0,200
13,465	0,587	0,135	-0,000	0,200
13,515	0,618	0,170	-0,000	0,200
13,565	0,724	0,283	-0,000	0,200
13,617	0,700	0,262	-0,000	0,200
13,666	0,753	0,324	-0,000	0,200
13,716	0,640	0,211	-0,000	0,200
13,765	0,568	0,145	-0,000	0,200
13,815	0,453	0,032	-0,000	0,200
13,866	0,484	0,069	-0,000	0,200
13,917	0,634	0,221	-0,000	0,200
13,966	0,566	0,157	-0,000	0,200
14,015	0,566	0,161	-0,000	0,200
14,066	0,628	0,221	-0,000	0,200
14,115	0,562	0,161	-0,000	0,200
14,165	0,527	0,126	-0,000	0,200
14,215	0,550	0,153	-0,000	0,200
14,265	0,539	0,143	-0,000	0,200
14,315	0,548	0,147	-0,000	0,200
14,366	0,618	0,219	-0,000	0,200
14,415	0,737	0,330	-0,000	0,200
14,466	0,720	0,313	-0,000	0,200
14,516	0,712	0,301	-0,000	0,200
14,566	0,673	0,268	-0,000	0,200
14,615	0,576	0,163	-0,000	0,200
14,667	0,673	0,268	-0,000	0,200
14,715	0,706	0,299	-0,000	0,200
14,766	0,708	0,293	-0,000	0,200
14,816	0,741	0,328	-0,000	0,200
14,866	0,640	0,225	-0,000	0,200
14,916	0,677	0,262	-0,000	0,200
14,965	0,523	0,110	-0,000	0,200
15,015	0,692	0,272	-0,000	0,200
15,067	0,638	0,225	-0,000	0,200
15,116	0,720	0,313	-0,000	0,200
15,166	0,696	0,295	-0,000	0,200
15,217	0,761	0,379	-0,000	0,200
15,265	0,622	0,231	-0,000	0,200
15,315	0,696	0,303	-0,000	0,200
15,366	0,720	0,346	-0,000	0,200
15,415	0,743	0,350	-0,000	0,200
15,466	0,747	0,354	-0,000	0,200
15,517	0,764	0,367	-0,000	0,200
15,565	0,542	0,149	-0,000	0,200
15,615	0,461	0,065	-0,000	0,200
15,666	0,525	0,133	-0,000	0,200
15,716	0,655	0,264	-0,000	0,000
15,767	0,727	0,357	-0,000	0,000
15,816	0,659	0,276	-0,000	0,000
15,866	0,675	0,244	-0,000	0,000
15,917	0,644	0,219	-0,000	0,000
15,966	0,632	0,237	-0,000	0,000
16,015	0,638	0,207	-0,000	0,000
16,065	0,632	0,182	-0,000	0,000
16,116	0,599	0,151	-0,000	0,000
16,166	0,663	0,215	-0,000	0,000
16,216	0,644	0,194	-0,000	0,000
16,266	0,737	0,285	-0,000	0,000
16,318	0,685	0,235	-0,000	0,000
16,365	0,593	0,153	-0,000	0,000
16,415	0,630	0,192	-0,000	0,000
16,467	0,694	0,246	-0,000	0,000
16,515	0,525	0,079	-0,000	0,000
16,566	0,665	0,233	-0,000	0,000
16,615	0,630	0,178	-0,000	0,000
16,667	0,718	0,268	-0,000	0,000
16,717	0,720	0,264	-0,000	0,000
16,765	0,609	0,151	-0,000	0,000
16,816	0,673	0,211	-0,000	0,000
16,867	0,696	0,233	-0,000	0,000
16,915	0,671	0,219	-0,000	0,000
16,967	0,712	0,256	-0,000	0,000
17,016	0,731	0,278	-0,000	0,000
17,066	0,708	0,258	-0,000	0,000
17,116	0,706	0,264	-0,000	0,000
17,166	0,632	0,194	-0,000	0,000
17,215	0,576	0,120	-0,000	0,000
17,266	0,710	0,250	-0,000	0,000
17,317	0,720	0,276	-0,000	0,000
17,367	0,671	0,202	-0,000	0,000
17,416	0,716	0,252	-0,000	0,000
17,465	0,605	0,141	-0,000	0,000
17,517	0,620	0,133	-0,000	0,000
17,565	0,437	-0,114	-0,000	0,000
17,616	0,492	-0,079	-0,000	0,000
17,666	0,515	-0,059	-0,000	0,000
17,716	0,620	0,022	-0,000	0,000
17,765	0,564	-0,034	-0,000	0,000
17,815	0,620	0,034	-0,000	0,000
17,866	0,622	0,032	-0,000	0,000
17,915	0,539	-0,040	-0,000	0,000
17,965	0,601	0,034	-0,000	0,000
18,015	0,624	0,052	-0,000	0,000
18,065	0,650	0,077	-0,000	0,000
18,115	0,632	0,098	-0,000	0,000
18,166	0,531	0,017	-0,000	0,000
18,215	0,552	0,030	-0,000	0,000
18,266	0,690	0,143	-0,000	0,000
18,317	0,704	0,114	-0,000	0,000
18,367	0,650	0,059	-0,000	0,000
18,415	0,589	0,040	-0,000	0,000
18,466	0,634	0,075	-0,000	0,000
18,516	0,663	0,067	-0,000	0,000
18,565	0,690	0,114	-0,000	0,000
18,615	0,642	0,073	-0,000	0,000
18,666	0,685	0,143	-0,000	0,000
18,717	0,685	0,196	-0,000	0,000
18,767	0,659	0,167	-0,000	0,000
18,815	0,548	0,067	-0,000	0,000
18,866	0,597	0,155	-0,000	0,000
18,917	0,663	0,172	-0,000	0,000
18,965	0,505	0,207	-0,000	0,000
19,016	0,287	0,085	-0,000	0,000
19,065	0,394	0,147	-0,000	0,000
19,116	0,546	0,184	-0,000	0,000
19,165	0,513	0,151	-0,000	0,000
19,215	0,552	0,151	-0,000	0,000
19,266	0,566	0,141	-0,000	0,000
19,315	0,609	0,145	-0,000	0,000
19,365	0,683	0,157	-0,000	0,000
19,416	0,671	0,170	-0,000	0,000
19,467	0,679	0,161	-0,000	0,000
19,516	0,583	0,067	-0,000	0,000
19,566	0,402	0,083	-0,000	0,000
19,615	0,513	0,192	-0,000	0,000
19,666	0,529	0,163	-0,000	0,000
19,716	0,500	0,151	-0,000	0,000
19,766	0,609	0,217	-0,000	0,000
19,816	0,605	0,130	-0,000	0,000
19,867	0,671	0,128	-0,000	0,000
19,916	0,700	0,149	-0,000	0,000
19,967	0,679	0,102	-0,000	0,000
20,016	0,669	0,118	-0,000	0,000
20,067	0,735	0,190	-0,000	0,000
20,116	0,716	0,170	-0,000	0,000
20,166	0,642	0,091	-0,000	0,000
20,216	0,708	0,133	-0,000	0,000
20,267	0,753	0,211	-0,000	0,000
20,316	0,677	0,170	-0,000	0,000
20,365	0,786	0,256	-0,000	0,000
20,417	0,776	0,285	-0,000	0,000
20,465	0,673	0,213	-0,000	0,000
20,517	0,782	0,295	-0,000	0,000
20,566	0,687	0,211	-0,000	0,000
20,615	0,579	0,104	-0,000	0,000
20,667	0,630	0,128	-0,000	0,000
20,716	0,509	-0,022	-0,000	0,000
20,765	0,517	0,001	-0,000	0,000
20,815	0,622	0,096	-0,000	0,000
20,867	0,671	0,149	-0,000	0,000
20,916	0,624	0,104	-0,000	0,000
20,965	0,663	0,159	-0,000	0,000
21,015	0,572	0,075	-0,000	0,000
21,065	0,599	0,108	-0,000	0,000
21,115	0,653	0,145	-0,000	0,000
21,167	0,702	0,200	-0,000	0,000
21,216	0,683	0,182	-0,000	0,000
21,267	0,655	0,155	-0,000	0,000
21,316	0,640	0,143	-0,000	0,000
21,366	0,731	0,239	-0,000	0,000
21,415	0,681	0,192	-0,000	0,000
21,466	0,687	0,209	-0,000	0,000
21,515	0,507	0,042	-0,000	0,000
21,567	0,574	0,112	-0,000	0,000
21,615	0,537	0,083	-0,000	0,000
21,667	0,613	0,163	-0,000	0,000
21,717	0,665	0,223	-0,000	0,000
21,766	0,478	0,050	-0,000	0,000
21,816	0,595	0,198	-0,000	0,000
21,866	0,544	0,151	-0,000	0,000
21,917	0,696	0,299	-0,000	0,000
21,966	0,583	0,198	-0,000	0,000
22,017	0,616	0,229	-0,000	0,000
22,065	0,533	0,135	-0,000	0,000
22,115	0,523	0,112	-0,000	0,000
22,166	0,447	0,028	-0,000	0,000
22,215	0,449	0,030	-0,000	0,000
22,267	0,724	0,301	-0,000	0,000
22,315	0,599	0,167	-0,000	0,000
22,366	0,626	0,192	-0,000	0,000
22,416	0,696	0,262	-0,000	0,000
22,465	0,650	0,223	-0,000	0,000
22,515	0,657	0,225	-0,000	0,000
22,566	0,665	0,235	-0,000	0,000
22,615	0,677	0,246	-0,000	0,000
22,665	0,644	0,219	-0,000	0,000
22,715	0,683	0,260	-0,000	0,000
22,765	0,690	0,278	-0,000	0,000
22,815	0,733	0,334	-0,000	0,000
22,865	0,523	0,128	-0,000	0,000
22,916	0,591	0,192	-0,000	0,000
22,966	0,539	0,139	-0,000	0,000
23,015	0,673	0,268	-0,000	0,000
23,066	0,743	0,334	-0,000	0,000
23,116	0,729	0,328	-0,000	0,000
23,166	0,714	0,307	-0,000	0,000
23,216	0,729	0,318	-0,000	0,000
23,265	0,657	0,246	-0,000	0,000
23,315	0,716	0,303	-0,000	0,000
23,365	0,677	0,272	-0,000	0,000
23,415	0,731	0,320	-0,000	0,000
23,465	0,663	0,260	-0,000	0,000
23,517	0,747	0,346	-0,000	0,000
23,566	0,745	0,350	-0,000	0,000
23,616	0,677	0,272	-0,000	0,000
23,666	0,661	0,258	-0,000	0,000
23,718	0,753	0,346	-0,000	0,000
23,766	0,690	0,283	-0,000	0,000
23,815	0,722	0,320	-0,000	0,000
23,867	0,743	0,340	-0,000	0,000
23,916	0,687	0,289	-0,000	0,000
23,966	0,690	0,289	-0,000	0,000
24,016	0,753	0,361	-0,000	0,000
24,066	0,716	0,318	-0,000	0,000
24,117	0,766	0,367	-0,000	0,000
24,166	0,745	0,352	-0,000	0,000
24,216	0,747	0,350	-0,000	0,000
24,267	0,747	0,344	-0,000	0,000
24,316	0,638	0,235	-0,000	0,000
24,365	0,659	0,254	-0,000	0,000
24,416	0,696	0,285	-0,000	0,000
24,466	0,712	0,297	-0,000	0,000
24,516	0,655	0,239	-0,000	0,000
24,566	0,690	0,270	-0,000	0,000
24,615	0,694	0,268	-0,000	0,000
24,665	0,729	0,301	-0,000	0,000
24,716	0,729	0,309	-0,000	0,000
24,765	0,679	0,256	-0,000	0,000
24,815	0,687	0,268	-0,000	0,000
24,866	0,743	0,330	-0,000	0,000
24,916	0,761	0,348	-0,000	0,000
24,966	0,745	0,332	-0,000	0,000
25,016	0,741	0,328	-0,000	0,000
25,066	0,720	0,307	-0,000	0,000
25,115	0,622	0,211	-0,000	0,000
25,165	0,710	0,301	-0,000	0,000
25,217	0,741	0,336	-0,000	0,000
25,266	0,745	0,338	-0,000	0,000
25,316	0,700	0,297	-0,000	0,000
25,367	0,764	0,367	-0,000	0,000
25,415	0,558	0,161	-0,000	0,000
25,465	0,653	0,258	-0,000	0,000
25,515	0,685	0,295	-0,000	0,000
25,565	0,759	0,373	-0,000	0,000
25,616	0,774	0,383	-0,000	0,000
25,665	0,757	0,371	-0,000	0,000
25,716	0,768	0,381	-0,000	0,000
25,765	0,700	0,309	-0,000	0,000
25,815	0,681	0,295	-0,000	0,000
25,866	0,803	0,422	-0,000	0,000
25,916	0,786	0,420	-0,000	0,000
25,966	0,809	0,453	-0,000	0,000
26,016	0,747	0,396	-0,000	0,000
26,067	0,724	0,233	-0,000	0,000
26,116	0,716	-0,616	-0,000	0,000
26,166	-0,225	-1,374	-0,000	0,000
26,216	-0,992	-1,691	-0,000	0,000
26,267	-0,797	-1,366	-0,000	0,000
26,317	-0,570	-1,210	-0,200	0,000
26,367	-0,318	-0,959	-0,200	0,000
26,416	0,081	-0,868	-0,200	0,000
26,466	0,149	-0,780	-0,200	0,000
26,517	0,172	-0,585	-0,200	0,000
26,566	0,348	-0,616	-0,200	0,000
26,615	0,264	-0,718	-0,000	0,200
26,667	0,420	-0,601	-0,000	0,200
26,717	0,398	-0,519	-0,000	0,200
26,765	0,361	-0,525	-0,000	0,000
26,816	0,519	-0,478	-0,000	0,000
26,866	0,607	-0,599	-0,000	0,000
26,916	0,747	-0,671	-0,000	0,000
26,966	0,681	-0,585	-0,000	0,000
27,017	0,523	-0,632	-0,000	0,000
27,065	0,451	-0,636	-0,000	0,000
27,117	0,502	-0,624	-0,000	0,000
27,166	0,482	-0,572	-0,200	0,000
27,216	0,435	-0,618	-0,200	0,000
27,266	0,410	-0,649	-0,200	0,000
27,317	0,461	-0,501	-0,200	0,000
27,366	0,480	-0,556	-0,200	0,000
27,416	0,611	-0,694	-0,200	0,000
27,466	0,591	-0,708	-0,200	0,000
27,515	0,605	-0,799	-0,200	0,000
27,566	0,587	-0,673	-0,200	0,000
27,616	0,583	-0,609	-0,200	0,000
27,665	0,552	-0,538	-0,200	0,000
27,716	0,632	-0,466	-0,200	0,000
27,767	0,640	-0,431	-0,200	0,000
27,817	0,628	-0,439	-0,200	0,000
27,867	0,675	-0,447	-0,200	0,000
27,915	0,583	-0,416	-0,200	0,000
27,967	0,683	-0,303	-0,200	0,000
28,015	0,605	-0,307	-0,000	0,200
28,066	0,755	-0,180	-0,000	0,200
28,116	0,700	-0,178	-0,000	0,200
28,166	0,704	-0,129	-0,000	0,200
28,216	0,741	-0,155	-0,000	0,200
28,265	0,702	-0,209	-0,000	0,200
28,316	0,576	-0,227	-0,000	0,200
28,367	0,564	-0,250	-0,000	0,200
28,415	0,618	-0,219	-0,000	0,200
28,467	0,618	-0,223	-0,000	0,200
28,516	0,566	-0,217	-0,000	0,200
28,566	0,650	-0,172	-0,000	0,200
28,616	0,657	-0,172	-0,000	0,200
28,665	0,671	-0,233	-0,000	0,200
28,716	0,673	-0,184	-0,000	0,200
28,766	0,655	-0,075	-0,000	0,200
28,816	0,609	-0,059	-0,000	0,200
28,865	0,572	-0,077	-0,000	0,000
28,916	0,605	-0,061	-0,000	0,000
28,966	0,653	-0,040	-0,000	0,000
29,016	0,457	-0,293	-0,000	0,000
29,067	0,301	-0,373	-0,000	0,000
29,116	0,305	-0,379	-0,000	0,000
29,167	0,332	-0,338	-0,000	0,000
29,216	0,258	-0,369	-0,000	0,000
29,267	0,287	-0,359	-0,200	0,000
29,317	0,344	-0,291	-0,200	0,000
29,365	0,412	-0,203	-0,200	0,000
29,416	0,496	-0,163	-0,200	0,000
29,466	0,544	-0,059	-0,200	0,000
29,515	0,519	-0,112	-0,200	0,000
29,567	0,511	-0,135	-0,000	0,200
29,616	0,523	-0,178	-0,000	0,200
29,665	0,527	-0,172	-0,000	0,200
29,716	0,509	-0,194	-0,000	0,200
29,766	0,546	-0,166	-0,000	0,200
29,816	0,601	-0,116	-0,000	0,200
29,866	0,552	-0,147	-0,000	0,200
29,916	0,548	-0,139	-0,000	0,000
29,965	0,525	-0,180	-0,000	0,000
30,015	0,544	-0,168	-0,000	0,000
30,065	0,465	-0,279	-0,000	0,000
30,115	0,404	-0,328	-0,000	0,000
30,165	0,383	-0,392	-0,000	0,000
30,215	0,519	-0,361	-0,000	0,000
30,266	0,498	-0,307	-0,200	0,000
30,315	0,470	-0,348	-0,200	0,000
30,366	0,496	-0,332	-0,200	0,000
30,416	0,519	-0,316	-0,200	0,000
30,466	0,581	-0,348	-0,200	0,000
30,516	0,566	-0,316	-0,200	0,000
30,566	0,581	-0,344	-0,200	0,000
30,616	0,408	-0,542	-0,200	0,000
30,666	0,270	-0,657	-0,200	0,000
30,716	0,211	-1,193	-0,200	0,000
30,765	0,287	-0,936	-0,200	0,000
30,816	0,354	-0,821	-0,200	0,000
30,865	0,334	-0,727	-0,200	0,000
30,916	0,437	-0,595	-0,200	0,000
30,966	0,513	-0,498	-0,200	0,000
31,015	0,609	-0,361	-0,200	0,000
31,065	0,702	-0,231	-0,200	0,000
31,116	0,671	-0,180	-0,000	0,200
31,166	0,683	-0,133	-0,000	0,000
31,216	0,667	-0,112	-0,000	0,000
31,266	0,507	-0,252	-0,000	0,000
31,316	0,112	-0,716	-0,000	0,000
31,367	-0,172	-1,039	-0,000	0,000
31,417	-0,182	-1,012	-0,000	0,000
31,465	-0,003	-0,908	-0,000	0,000
31,515	0,133	-0,813	-0,200	0,000
31,567	0,143	-0,813	-0,200	0,000
31,615	0,165	-0,770	-0,200	0,000
31,665	0,063	-0,799	-0,200	0,000
31,716	-0,059	-0,924	-0,200	0,000
31,766	-0,240	-1,008	-0,200	0,000
31,817	-0,307	-1,023	-0,200	0,000
31,866	-0,285	-0,949	-0,200	0,000
31,916	-0,174	-0,803	-0,200	0,000
31,965	-0,032	-0,710	-0,000	0,200
32,015	-0,240	-0,920	-0,000	0,000
32,066	-1,300	-1,586	-0,000	0,000
32,115	-1,045	-1,162	-0,000	0,000
32,165	-0,028	-0,398	-0,000	0,000
32,216	0,737	0,235	-0,000	0,000
32,266	0,912	0,601	-0,000	0,000
32,317	0,881	0,593	-0,000	0,000
32,367	1,018	0,708	-0,000	0,000
32,416	0,932	0,801	-0,000	0,000
32,465	0,868	0,788	-0,000	0,000
32,516	0,963	0,835	-0,000	0,000
32,567	1,066	0,998	-0,000	0,000
32,616	1,255	1,197	-0,000	0,000
32,666	1,487	1,442	-0,000	0,000
32,715	1,321	1,329	-0,000	0,000
32,765	1,325	1,376	-0,200	0,000
32,815	1,292	1,325	-0,200	0,000
32,865	1,224	1,160	-0,200	0,000
32,915	1,160	1,066	-0,200	0,000
32,966	1,090	0,953	-0,200	0,000
33,015	0,969	0,936	-0,200	0,000
33,066	0,977	0,827	-0,200	0,000
33,116	0,979	0,967	-0,200	0,000
33,166	1,023	0,924	-0,200	0,000
33,216	1,047	1,049	-0,200	0,000
33,266	1,047	1,105	-0,200	0,000
33,316	1,023	1,025	-0,200	0,000
33,366	0,879	0,823	-0,200	0,000
33,415	0,798	0,603	-0,200	0,000
33,466	0,599	0,176	-0,200	0,000
33,515	0,663	0,256	-0,000	0,200
33,565	0,687	0,354	-0,000	0,200
33,617	0,648	0,352	-0,000	0,200
33,666	0,620	0,357	-0,000	0,200
33,716	0,603	0,281	-0,000	0,200
33,766	0,665	0,278	-0,000	0,200
33,816	0,671	0,301	-0,000	0,200
33,866	0,568	0,188	-0,000	0,200
33,916	0,566	0,079	-0,000	0,200
33,966	0,552	0,083	-0,000	0,000
34,016	0,527	0,098	-0,000	0,000
34,065	0,630	0,186	-0,000	0,000
34,116	0,687	0,433	-0,000	0,000
34,166	0,671	0,521	-0,000	0,000
34,215	0,502	0,505	-0,000	0,000
34,265	0,601	0,502	-0,000	0,000
34,316	0,745	0,618	-0,000	0,000
34,366	0,918	0,770	-0,000	0,000
34,415	1,117	1,096	-0,000	0,000
34,465	1,399	1,397	-0,000	0,000
34,515	1,392	1,421	-0,000	0,000
34,565	1,327	1,347	-0,000	0,000
34,616	1,265	1,224	-0,000	0,000
34,665	0,636	0,583	-0,000	0,000
34,716	0,500	0,225	-0,000	0,000
34,767	0,593	0,268	-0,000	0,000
34,816	0,544	0,184	-0,200	0,000
34,866	0,533	0,091	-0,200	0,000
34,916	0,655	0,069	-0,200	0,000
34,967	0,866	0,241	-0,200	0,000
35,015	0,992	0,492	-0,200	0,000
35,067	1,041	0,784	-0,200	0,000
35,117	1,031	0,881	-0,200	0,000
35,166	0,918	0,792	-0,200	0,000
35,215	0,782	0,663	-0,200	0,000
35,265	0,788	0,673	-0,000	0,200
35,316	0,751	0,616	-0,000	0,000
35,366	0,696	0,527	-0,000	0,000
35,417	0,889	0,751	-0,000	0,000
35,465	0,963	0,860	-0,000	0,000
35,515	1,121	1,057	-0,000	0,000
35,567	1,220	1,197	-0,000	0,000
35,616	1,236	1,236	-0,000	0,000
35,666	1,115	1,115	-0,000	0,000
35,716	0,977	0,992	-0,000	0,000
35,766	0,792	0,803	-0,000	0,000
35,816	0,511	0,507	-0,000	0,000
35,866	0,387	0,252	-0,000	0,000
35,917	0,369	0,260	-0,000	0,000
35,965	0,490	0,564	-0,000	0,000
36,017	0,722	0,766	-0,200	0,000
36,066	0,852	0,809	-0,200	0,000
36,117	0,846	0,655	-0,200	0,000
36,166	0,784	0,624	-0,200	0,000
36,217	0,786	0,694	-0,200	0,000
36,265	0,792	0,675	-0,200	0,000
36,316	1,004	0,942	-0,000	0,200
36,366	1,277	1,238	-0,000	0,000
36,415	1,345	1,368	-0,000	0,000
36,465	1,224	1,240	-0,000	0,000
36,517	1,156	1,199	-0,000	0,000
36,566	0,992	0,979	-0,000	0,000
36,617	0,819	0,829	-0,000	0,000
36,665	0,616	0,562	-0,000	0,000
36,715	0,373	0,229	-0,000	0,000
36,766	0,124	-0,229	-0,200	0,000
36,816	0,213	-0,464	-0,200	0,000
36,865	0,611	-0,211	-0,200	0,000
36,916	0,994	0,266	-0,200	0,000
36,966	1,088	0,640	-0,200	0,000
37,015	1,027	0,776	-0,200	0,000
37,065	0,934	0,772	-0,200	0,000
37,117	0,712	0,583	-0,200	0,000
37,165	0,634	0,441	-0,000	0,200
37,215	0,583	0,367	-0,000	0,000
37,265	0,835	0,700	-0,000	0,000
37,315	1,029	0,973	-0,000	0,000
37,365	1,304	1,277	-0,000	0,000
37,417	1,362	1,339	-0,000	0,000
37,466	1,218	1,199	-0,000	0,000
37,516	1,133	1,060	-0,000	0,000
37,565	1,072	0,990	-0,000	0,000
37,615	1,002	0,895	-0,000	0,000
37,666	0,790	0,702	-0,000	0,000
37,717	0,480	0,502	-0,000	0,000
37,767	0,361	0,233	-0,000	0,000
37,815	0,525	0,252	-0,200	0,000
37,867	0,766	0,492	-0,200	0,000
37,915	0,918	0,694	-0,200	0,000
37,965	0,946	0,761	-0,200	0,000
38,015	0,901	0,716	-0,200	0,000
38,066	0,613	0,435	-0,200	0,000
38,115	0,564	0,352	-0,200	0,000
38,166	0,365	0,102	-0,200	0,000
38,216	0,566	0,221	-0,200	0,000
38,265	1,033	0,685	-0,000	0,200
38,315	1,442	1,325	-0,000	0,000
38,367	1,325	1,390	-0,000	0,000
38,415	1,210	1,261	-0,000	0,000
38,465	1,055	1,092	-0,000	0,000
38,515	0,944	0,907	-0,000	0,000
38,566	0,743	0,692	-0,000	0,000
38,617	0,371	0,276	-0,000	0,000
38,667	0,001	-0,464	-0,000	0,000
38,715	0,026	-0,694	-0,000	0,000
38,767	0,741	-0,089	-0,200	0,000
38,815	1,199	0,480	-0,200	0,000
38,866	1,210	0,868	-0,200	0,000
38,915	1,082	0,955	-0,200	0,000
38,966	0,887	0,805	-0,200	0,000
39,016	0,618	0,576	-0,200	0,000
39,065	0,603	0,348	-0,000	0,200
39,117	0,468	0,145	-0,000	0,000
39,166	0,702	0,416	-0,000	0,000
39,216	0,838	0,624	-0,000	0,000
39,266	1,103	0,944	-0,000	0,000
39,315	1,177	1,138	-0,000	0,000
39,365	1,113	1,078	-0,200	0,000
39,417	1,070	1,076	-0,200	0,000
39,466	1,016	1,000	-0,200	0,000
39,517	0,928	0,924	-0,200	0,000
39,567	0,722	0,632	-0,000	0,200
39,615	0,476	0,459	-0,000	0,200
39,665	0,332	0,235	-0,000	0,200
39,718	0,330	0,153	-0,000	0,200
39,766	0,441	0,301	-0,000	0,200
39,816	0,650	0,453	-0,000	0,200
39,865	0,809	0,552	-0,000	0,200
39,916	0,776	0,589	-0,000	0,200
39,967	0,679	0,527	-0,000	0,200
40,015	0,683	0,550	-0,000	0,200
40,067	0,630	0,552	-0,000	0,000
40,116	0,852	0,751	-0,000	0,000
40,166	1,374	1,300	-0,000	0,000
40,216	1,458	1,508	-0,000	0,000
40,266	1,304	1,353	-0,000	0,000
40,315	1,269	1,331	-0,000	0,000
40,365	1,107	1,041	-0,000	0,000
40,415	0,949	0,819	-0,000	0,000
40,466	0,665	0,424	-0,000	0,000
40,515	0,365	-0,011	-0,000	0,000
40,566	0,330	-0,291	-0,000	0,000
40,616	0,546	-0,359	-0,200	0,000
40,666	0,914	0,011	-0,200	0,000
40,716	1,131	0,420	-0,200	0,000
40,766	1,107	0,718	-0,200	0,000
40,815	0,992	0,854	-0,200	0,000
40,865	0,807	0,708	-0,200	0,000
40,916	0,564	0,412	-0,200	0,000
40,965	0,433	0,130	-0,000	0,200
41,015	0,287	-0,079	-0,000	0,200
41,065	0,542	0,145	-0,000	0,200
41,116	0,739	0,359	-0,000	0,200
41,167	1,020	0,729	-0,000	0,200
41,215	1,218	1,115	-0,000	0,200
41,265	1,160	1,115	-0,000	0,200
41,315	1,049	1,027	-0,000	0,200
41,365	0,942	0,918	-0,000	0,200
41,416	0,829	0,755	-0,000	0,200
41,466	0,603	0,626	-0,000	0,000
41,516	0,389	0,219	-0,000	0,000
41,566	0,330	0,077	-0,000	0,000
41,617	0,435	0,184	-0,000	0,000
41,667	0,511	0,285	-0,200	0,000
41,716	0,537	0,451	-0,200	0,000
41,765	0,609	0,402	-0,200	0,000
41,815	0,648	0,389	-0,200	0,000
41,865	0,659	0,398	-0,200	0,000
41,916	0,743	0,474	-0,200	0,000
41,965	0,659	0,322	-0,200	0,000
42,017	0,895	0,546	-0,200	0,000
42,066	1,321	1,092	-0,000	0,200
42,115	1,499	1,458	-0,000	0,000
42,166	1,425	1,386	-0,000	0,000
42,217	1,325	1,425	-0,000	0,000
42,267	1,240	1,259	-0,000	0,000
42,316	1,086	1,066	-0,000	0,000
42,365	0,819	0,770	-0,000	0,000
42,417	0,476	0,342	-0,000	0,000
42,465	0,367	0,102	-0,000	0,000
42,516	0,357	-0,174	-0,200	0,000
42,566	0,646	-0,020	-0,200	0,000
42,615	0,942	0,375	-0,200	0,000
42,666	1,082	0,753	-0,200	0,000
42,716	1,002	0,778	-0,200	0,000
42,765	0,838	0,655	-0,200	0,000
42,816	0,683	0,465	-0,200	0,000
42,865	0,511	0,254	-0,200	0,000
42,915	0,237	-0,089	-0,000	0,200
42,966	0,272	-0,094	-0,000	0,200
43,017	0,517	0,139	-0,000	0,200
43,067	1,035	0,687	-0,000	0,200
43,116	1,255	1,144	-0,000	0,200
43,166	1,234	1,189	-0,000	0,200
43,216	1,158	1,146	-0,000	0,200
43,266	1,016	1,018	-0,000	0,200
43,315	0,796	0,844	-0,000	0,200
43,365	0,558	0,519	-0,000	0,000
43,415	0,235	0,172	-0,000	0,000
43,466	0,250	0,213	-0,000	0,000
43,515	0,365	0,340	-0,000	0,000
43,565	0,607	0,480	-0,000	0,000
43,616	0,807	0,729	-0,200	0,000
43,665	0,924	0,778	-0,200	0,000
43,715	0,831	0,655	-0,200	0,000
43,765	0,722	0,624	-0,200	0,000
43,816	0,646	0,597	-0,200	0,000
43,866	0,525	0,439	-0,200	0,000
43,916	0,761	0,669	-0,200	0,000
43,967	1,191	1,094	-0,000	0,200
44,016	1,302	1,242	-0,000	0,000
44,066	1,092	0,932	-0,000	0,000
44,116	1,156	1,148	-0,000	0,000
44,165	1,053	0,998	-0,000	0,000
44,216	0,893	0,807	-0,000	0,000
44,266	0,702	0,595	-0,000	0,000
44,316	0,437	0,291	-0,000	0,000
44,365	0,396	0,188	-0,000	0,000
44,415	0,593	0,285	-0,200	0,000
44,466	0,792	0,334	-0,200	0,000
44,515	0,914	0,533	-0,200	0,000
44,567	0,967	0,694	-0,200	0,000
44,615	0,959	0,786	-0,200	0,000
44,665	0,918	0,821	-0,200	0,000
44,716	0,774	0,708	-0,200	0,000
44,766	0,729	0,550	-0,000	0,200
44,815	0,611	0,289	-0,000	0,200
44,866	0,550	0,270	-0,000	0,200
44,916	0,825	0,525	-0,000	0,200
44,966	1,039	0,891	-0,000	0,200
45,016	1,247	1,197	-0,000	0,200
45,065	1,201	1,166	-0,000	0,200
45,115	1,105	1,074	-0,000	0,200
45,167	0,975	0,928	-0,000	0,200
45,216	0,842	0,794	-0,000	0,200
45,267	0,712	0,642	-0,000	0,200
45,315	0,527	0,375	-0,000	0,200
45,365	0,451	0,233	-0,000	0,000
45,417	0,478	0,262	-0,000	0,000
45,466	0,579	0,494	-0,200	0,000
45,516	0,710	0,566	-0,200	0,000
45,565	0,796	0,613	-0,200	0,000
45,615	0,782	0,576	-0,200	0,000
45,666	0,724	0,457	-0,200	0,000
45,716	0,576	0,260	-0,200	0,000
45,765	0,433	0,081	-0,200	0,000
45,815	0,301	-0,067	-0,200	0,000
45,865	0,182	-0,221	-0,000	0,200
45,915	0,340	-0,110	-0,000	0,000
45,965	0,712	0,200	-0,000	0,000
46,017	1,080	0,698	-0,000	0,000
46,065	1,074	0,844	-0,000	0,000
46,115	1,029	0,959	-0,000	0,000
46,166	0,856	0,745	-0,000	0,000
46,215	0,687	0,513	-0,000	0,000
46,267	0,457	0,215	-0,000	0,000
46,315	0,369	-0,067	-0,000	0,000
46,366	0,603	0,036	-0,000	0,000
46,416	0,833	0,248	-0,000	0,000
46,465	0,928	0,476	-0,000	0,000
46,515	0,891	0,488	-0,200	0,000
46,566	0,901	0,564	-0,200	0,000
46,615	0,825	0,517	-0,200	0,000
46,665	0,768	0,478	-0,200	0,000
46,715	0,724	0,441	-0,200	0,000
46,765	0,879	0,488	-0,200	0,000
46,816	0,922	0,548	-0,000	0,200
46,866	1,131	0,940	-0,000	0,200
46,915	1,298	1,240	-0,000	0,200
46,965	1,281	1,207	-0,000	0,200
47,015	1,177	1,109	-0,000	0,200
47,065	1,107	0,965	-0,000	0,200
47,117	1,016	0,903	-0,000	0,200
47,165	0,891	0,805	-0,000	0,200
47,217	0,720	0,620	-0,000	0,200
47,266	0,478	0,244	-0,000	0,200
47,317	0,443	0,258	-0,000	0,200
47,365	0,622	0,383	-0,000	0,200
47,416	0,883	0,630	-0,000	0,200
47,465	0,899	0,731	-0,000	0,200
47,516	0,889	0,745	-0,000	0,200
47,565	0,817	0,683	-0,000	0,200
47,615	0,737	0,548	-0,000	0,000
47,666	0,591	0,375	-0,000	0,000
47,715	0,468	0,198	-0,000	0,000
47,765	0,322	-0,044	-0,000	0,000
47,816	0,350	-0,094	-0,000	0,000
47,865	0,640	0,167	-0,000	0,000
47,916	1,025	0,644	-0,000	0,000
47,967	1,129	0,918	-0,000	0,000
48,016	1,123	0,961	-0,000	0,000
48,066	1,041	1,045	-0,000	0,000
48,115	0,891	0,854	-0,000	0,000
48,167	0,729	0,622	-0,000	0,000
48,217	0,572	0,394	-0,000	0,000
48,267	0,468	0,167	-0,000	0,000
48,315	0,424	0,019	-0,000	0,000
48,365	0,599	0,098	-0,000	0,000
48,416	0,811	0,334	-0,200	0,000
48,465	0,879	0,482	-0,200	0,000
48,516	0,796	0,474	-0,200	0,000
48,565	0,737	0,435	-0,200	0,000
48,615	0,704	0,412	-0,200	0,000
48,667	0,659	0,359	-0,200	0,000
48,715	0,687	0,365	-0,200	0,000
48,767	0,866	0,609	-0,200	0,000
48,816	1,072	0,940	-0,000	0,200
48,866	1,136	1,076	-0,000	0,200
48,915	1,020	0,981	-0,000	0,200
48,965	0,928	0,872	-0,000	0,200
49,016	0,920	0,831	-0,000	0,200
49,066	0,877	0,798	-0,000	0,200
49,116	0,829	0,755	-0,000	0,200
49,166	0,784	0,690	-0,000	0,200
49,216	0,714	0,509	-0,000	0,200
49,265	0,634	0,468	-0,000	0,200
49,315	0,624	0,348	-0,000	0,200
49,365	0,634	0,354	-0,000	0,200
49,416	0,667	0,418	-0,000	0,200
49,466	0,708	0,490	-0,000	0,200
49,515	0,761	0,527	-0,000	0,000
49,565	0,774	0,500	-0,200	0,000
49,617	0,679	0,406	-0,200	0,000
49,665	0,613	0,301	-0,200	0,000
49,716	0,661	0,326	-0,200	0,000
49,765	0,747	0,379	-0,000	0,200
49,816	0,961	0,589	-0,000	0,000
49,866	1,238	0,990	-0,000	0,000
49,916	1,388	1,310	-0,000	0,000
49,966	1,267	1,242	-0,000	0,000
50,015	1,222	1,249	-0,000	0,000
50,066	1,099	1,154	-0,000	0,000
50,116	0,955	0,955	-0,000	0,000
50,165	0,815	0,778	-0,000	0,000
50,216	0,661	0,585	-0,000	0,000
50,265	0,572	0,383	-0,000	0,000
50,316	0,574	0,221	-0,200	0,000
50,365	0,698	0,285	-0,200	0,000
50,417	0,829	0,459	-0,200	0,000
50,466	0,916	0,650	-0,200	0,000
50,515	0,840	0,638	-0,200	0,000
50,566	0,753	0,597	-0,200	0,000
50,616	0,636	0,398	-0,200	0,000
50,665	0,486	0,221	-0,200	0,000
50,715	0,755	0,531	-0,200	0,000
50,765	1,082	0,953	-0,000	0,200
50,815	1,152	1,107	-0,000	0,200
50,865	1,062	1,035	-0,000	0,200
50,915	0,942	0,922	-0,000	0,200
50,965	0,932	0,891	-0,000	0,200
51,015	0,903	0,858	-0,000	0,000
51,065	0,844	0,794	-0,000	0,000
51,115	0,764	0,727	-0,000	0,000
51,166	0,564	0,513	-0,000	0,000
51,216	0,406	0,262	-0,000	0,000
51,265	0,340	0,143	-0,000	0,000
51,315	0,589	0,258	-0,200	0,000
51,366	0,692	0,344	-0,200	0,000
51,416	0,805	0,472	-0,200	0,000
51,465	0,803	0,505	-0,200	0,000
51,515	0,683	0,359	-0,200	0,000
51,565	0,443	0,174	-0,200	0,000
51,616	0,418	0,155	-0,200	0,000
51,667	0,525	0,239	-0,200	0,000
51,716	0,864	0,531	-0,000	0,200
51,767	1,160	0,922	-0,000	0,000
51,816	1,269	1,121	-0,000	0,000
51,866	1,177	1,152	-0,000	0,000
51,916	1,113	1,185	-0,000	0,000
51,965	0,969	0,996	-0,000	0,000
52,015	0,831	0,813	-0,000	0,000
52,065	0,683	0,583	-0,000	0,000
52,117	0,486	0,328	-0,000	0,000
52,165	0,428	0,161	-0,000	0,000
52,215	0,566	0,178	-0,200	0,000
52,265	0,774	0,336	-0,200	0,000
52,316	0,905	0,581	-0,200	0,000
52,367	0,885	0,669	-0,200	0,000
52,415	0,870	0,735	-0,200	0,000
52,465	0,922	0,852	-0,200	0,000
52,515	0,928	0,879	-0,200	0,000
52,566	0,776	0,727	-0,200	0,000
52,615	0,766	0,554	-0,000	0,200
52,666	0,527	0,301	-0,000	0,200
52,715	0,519	0,252	-0,000	0,200
52,767	0,735	0,527	-0,000	0,200
52,815	1,025	0,891	-0,000	0,200
52,865	1,214	1,189	-0,000	0,200
52,915	1,142	1,146	-0,000	0,200
52,965	1,086	1,031	-0,000	0,200
53,016	0,934	0,879	-0,000	0,000
53,065	0,811	0,770	-0,000	0,000
53,115	0,708	0,653	-0,000	0,000
53,167	0,574	0,264	-0,000	0,000
53,215	0,560	0,391	-0,000	0,000
53,265	0,611	0,311	-0,000	0,000
53,315	0,665	0,488	-0,200	0,000
53,367	0,901	0,761	-0,200	0,000
53,416	0,969	0,860	-0,200	0,000
53,466	0,897	0,708	-0,200	0,000
53,516	0,708	0,465	-0,200	0,000
53,566	0,570	0,278	-0,200	0,000
53,616	0,424	0,145	-0,200	0,000
53,665	0,297	0,005	-0,000	0,200
53,715	0,459	0,106	-0,000	0,000
53,766	0,640	0,215	-0,000	0,000
53,815	0,753	0,182	-0,000	0,000
53,867	0,823	0,470	-0,200	0,000
53,916	0,753	0,468	-0,200	0,000
53,966	0,677	0,433	-0,200	0,000
54,016	0,597	0,330	-0,200	0,000
54,067	0,488	0,133	-0,000	0,200
54,115	0,453	-0,026	-0,000	0,200
54,168	0,554	-0,026	-0,000	0,200
54,216	0,692	0,067	-0,000	0,200
54,266	0,770	0,192	-0,000	0,200
54,316	0,780	0,248	-0,000	0,200
54,365	0,733	0,198	-0,000	0,200
54,417	0,714	0,231	-0,000	0,200
54,466	0,675	0,207	-0,000	0,200
54,516	0,566	0,100	-0,000	0,200
54,567	0,692	-0,003	-0,000	0,000
54,616	0,673	-0,059	-0,000	0,000
54,665	0,879	0,313	-0,000	0,000
54,716	0,992	0,640	-0,000	0,000
54,766	1,150	1,014	-0,000	0,000
54,815	1,162	1,150	-0,000	0,000
54,865	1,107	1,133	-0,000	0,000
54,915	1,154	1,148	-0,000	0,000
54,967	1,035	1,068	-0,000	0,000
55,015	0,895	0,981	-0,000	0,000
55,065	0,776	0,819	-0,000	0,000
55,116	0,675	0,402	-0,000	0,000
55,167	0,507	0,363	-0,000	0,000
55,216	0,468	0,270	-0,200	0,000
55,267	0,564	0,443	-0,200	0,000
55,317	0,704	0,601	-0,200	0,000
55,365	0,835	0,659	-0,200	0,000
55,416	0,817	0,642	-0,200	0,000
55,466	0,780	0,572	-0,200	0,000
55,516	0,638	0,391	-0,200	0,000
55,566	0,531	0,270	-0,200	0,000
55,616	0,375	0,059	-0,200	0,000
55,667	0,552	0,122	-0,000	0,200
55,716	0,870	0,406	-0,000	0,000
55,765	1,092	0,708	-0,000	0,000
55,815	1,121	0,852	-0,000	0,000
55,865	1,086	1,057	-0,000	0,000
55,916	1,002	0,979	-0,000	0,000
55,966	0,903	0,840	-0,000	0,000
56,015	0,724	0,677	-0,000	0,000
56,067	0,542	0,461	-0,000	0,000
56,116	0,507	0,315	-0,000	0,000
56,165	0,554	0,285	-0,000	0,000
56,215	0,626	0,315	-0,000	0,000
56,265	0,673	0,359	-0,200	0,000
56,315	0,796	0,490	-0,200	0,000
56,366	0,805	0,537	-0,200	0,000
56,415	0,727	0,482	-0,200	0,000
56,465	0,572	0,303	-0,200	0,000
56,516	0,517	0,048	-0,200	0,000
56,567	0,377	-0,172	-0,200	0,000
56,616	0,533	0,005	-0,200	0,000
56,665	0,739	0,244	-0,200	0,000
56,716	0,944	0,618	-0,200	0,000
56,767	0,996	0,819	-0,200	0,000
56,815	1,000	0,870	-0,200	0,000
56,865	0,963	0,831	-0,200	0,000
56,916	0,961	0,848	-0,000	0,200
56,965	0,872	0,780	-0,000	0,200
57,016	0,825	0,731	-0,000	0,200
57,066	0,731	0,507	-0,000	0,000
57,117	0,743	0,583	-0,000	0,000
57,165	0,605	0,402	-0,000	0,000
57,216	0,683	0,391	-0,000	0,000
57,267	0,661	0,350	-0,200	0,000
57,316	0,712	0,426	-0,200	0,000
57,366	0,805	0,478	-0,200	0,000
57,417	0,823	0,496	-0,200	0,000
57,466	0,761	0,470	-0,200	0,000
57,515	0,764	0,459	-0,200	0,000
57,565	0,712	0,383	-0,200	0,000
57,615	0,953	0,572	-0,200	0,000
57,667	1,337	1,111	-0,200	0,000
57,715	1,339	1,284	-0,200	0,000
57,766	1,257	1,269	-0,000	0,200
57,816	1,140	1,201	-0,000	0,000
57,865	1,020	1,004	-0,000	0,000
57,915	0,733	0,755	-0,000	0,000
57,966	0,529	0,459	-0,000	0,000
58,015	0,449	0,334	-0,000	0,000
58,065	0,490	0,324	-0,000	0,000
58,115	0,603	0,385	-0,200	0,000
58,165	0,784	0,529	-0,200	0,000
58,215	0,844	0,595	-0,200	0,000
58,266	0,784	0,572	-0,200	0,000
58,315	0,827	0,659	-0,200	0,000
58,366	0,815	0,687	-0,200	0,000
58,416	0,731	0,624	-0,200	0,000
58,465	0,605	0,470	-0,200	0,000
58,516	0,359	0,096	-0,000	0,200
58,566	0,309	-0,042	-0,000	0,000
58,615	0,484	0,330	-0,000	0,000
58,666	0,735	0,599	-0,000	0,000
58,716	0,975	1,016	-0,000	0,000
58,765	1,103	1,057	-0,000	0,000
58,815	1,154	1,053	-0,000	0,000
58,867	1,199	1,154	-0,000	0,000
58,916	1,051	1,088	-0,000	0,000
58,966	0,955	1,168	-0,000	0,000
59,015	0,856	0,909	-0,000	0,000
59,065	0,634	0,342	-0,000	0,000
59,115	0,492	0,176	-0,000	0,000
59,166	0,564	0,198	-0,000	0,000
59,216	0,628	0,391	-0,200	0,000
59,265	0,819	0,632	-0,200	0,000
59,315	0,977	0,692	-0,200	0,000
59,365	0,971	0,616	-0,200	0,000
59,417	0,848	0,646	-0,200	0,000
59,466	0,741	0,591	-0,200	0,000
59,515	0,597	0,297	-0,200	0,000
59,566	0,509	0,036	-0,200	0,000
59,616	0,297	-0,211	-0,000	0,200
59,666	0,470	-0,116	-0,000	0,000
59,716	0,811	0,225	-0,000	0,000
59,765	1,064	0,622	-0,000	0,000
59,817	1,117	0,885	-0,200	0,000
59,866	1,057	0,994	-0,200	0,000
59,915	0,967	1,187	-0,200	0,000
59,966	0,914	0,922	-0,000	0,200
60,016	0,677	0,655	-0,000	0,200
60,065	0,492	0,359	-0,000	0,200
60,115	0,433	0,252	-0,000	0,200
60,166	0,513	0,227	-0,000	0,200
60,216	0,589	0,202	-0,000	0,200
60,266	0,690	0,311	-0,000	0,200
60,315	0,833	0,511	-0,000	0,200
60,366	0,885	0,636	-0,000	0,200
60,415	0,821	0,626	-0,000	0,200
60,466	0,698	0,505	-0,000	0,200
60,516	0,727	0,515	-0,000	0,200
60,566	0,710	0,371	-0,000	0,200
60,616	0,708	0,420	-0,000	0,200
60,666	0,774	0,589	-0,000	0,200
60,715	0,981	0,942	-0,000	0,200
60,767	1,232	1,220	-0,000	0,200
60,815	1,247	1,242	-0,000	0,200
60,865	1,156	1,119	-0,000	0,200
60,916	1,076	1,078	-0,000	0,000
60,966	0,955	0,994	-0,000	0,000
61,016	0,850	0,909	-0,000	0,000
61,066	0,724	0,620	-0,000	0,000
61,116	0,562	0,431	-0,000	0,000
61,166	0,607	0,311	-0,000	0,000
61,216	0,605	0,581	-0,200	0,000
61,267	0,694	0,447	-0,200	0,000
61,315	0,782	0,482	-0,200	0,000
61,367	0,661	0,318	-0,200	0,000
61,416	0,548	0,190	-0,200	0,000
61,466	0,498	0,143	-0,200	0,000
61,515	0,521	0,145	-0,200	0,000
61,566	0,700	0,264	-0,200	0,000
61,617	0,889	0,416	-0,200	0,000
61,666	0,979	0,603	-0,200	0,000
61,716	1,043	0,716	-0,000	0,200
61,765	0,981	0,819	-0,000	0,000
61,815	0,961	1,115	-0,000	0,000
61,865	0,944	1,002	-0,000	0,000
61,915	0,792	0,673	-0,000	0,000
61,966	0,700	0,552	-0,000	0,000
62,015	0,671	0,486	-0,000	0,000
62,066	0,601	0,394	-0,000	0,000
62,117	0,546	0,270	-0,000	0,000
62,166	0,568	0,147	-0,200	0,000
62,217	0,655	0,217	-0,200	0,000
62,265	0,720	0,260	-0,200	0,000
62,316	0,720	0,272	-0,200	0,000
62,366	0,706	0,297	-0,200	0,000
62,417	0,636	0,276	-0,200	0,000
62,465	0,618	0,285	-0,200	0,000
62,515	0,535	0,147	-0,200	0,000
62,565	0,515	0,145	-0,200	0,000
62,615	0,743	0,371	-0,200	0,000
62,666	1,002	0,835	-0,200	0,000
62,717	1,191	1,170	-0,200	0,000
62,765	1,251	1,251	-0,000	0,200
62,817	1,170	1,162	-0,000	0,200
62,866	1,123	1,119	-0,000	0,200
62,915	1,006	1,041	-0,000	0,000
62,965	0,893	0,946	-0,000	0,000
63,015	0,716	0,616	-0,000	0,000
63,065	0,591	0,535	-0,000	0,000
63,117	0,550	0,264	-0,000	0,000
63,166	0,595	0,274	-0,200	0,000
63,216	0,603	0,318	-0,200	0,000
63,266	0,692	0,381	-0,200	0,000
63,317	0,745	0,410	-0,200	0,000
63,365	0,753	0,381	-0,200	0,000
63,415	0,706	0,342	-0,200	0,000
63,465	0,667	0,180	-0,200	0,000
63,515	0,655	0,079	-0,200	0,000
63,565	0,570	-0,042	-0,200	0,000
63,615	0,537	-0,100	-0,200	0,000
63,665	0,628	-0,042	-0,000	0,200
63,715	0,852	0,124	-0,000	0,000
63,767	1,018	0,342	-0,000	0,000
63,815	0,983	0,498	-0,000	0,000
63,865	0,983	0,632	-0,000	0,000
63,917	0,909	0,757	-0,000	0,000
63,966	0,846	0,671	-0,000	0,000
64,017	0,735	0,544	-0,000	0,000
64,066	0,597	0,412	-0,000	0,000
64,115	0,560	0,311	-0,000	0,000
64,167	0,622	0,315	-0,000	0,000
64,216	0,708	0,433	-0,000	0,000
64,266	0,772	0,525	-0,200	0,000
64,316	0,844	0,632	-0,200	0,000
64,366	0,821	0,669	-0,200	0,000
64,416	0,819	0,741	-0,200	0,000
64,467	0,844	0,815	-0,200	0,000
64,515	0,870	0,815	-0,200	0,000
64,565	0,891	1,018	-0,200	0,000
64,615	0,959	1,080	-0,200	0,000
64,665	1,016	0,996	-0,200	0,000
64,716	1,039	1,004	-0,200	0,000
64,765	1,016	1,027	-0,200	0,000
64,817	1,006	1,014	-0,200	0,000
64,866	0,918	0,916	-0,200	0,000
64,917	0,835	0,792	-0,200	0,000
64,966	0,745	0,694	-0,200	0,000
65,017	0,690	0,517	-0,200	0,000
65,066	0,507	0,264	-0,200	0,000
65,116	0,404	0,120	-0,200	0,000
65,165	0,404	0,182	-0,200	0,000
65,215	0,385	0,221	-0,200	0,000
65,265	0,449	0,100	-0,200	0,000
65,315	0,622	0,081	-0,200	0,000
65,365	0,673	0,155	-0,200	0,000
65,417	0,729	0,258	-0,200	0,000
65,466	0,733	0,278	-0,200	0,000
65,516	0,897	0,583	-0,000	0,200
65,565	1,125	0,724	-0,000	0,000
65,617	1,339	1,111	-0,000	0,000
65,665	1,304	1,210	-0,000	0,000
65,715	1,216	1,160	-0,000	0,000
65,765	1,166	1,298	-0,000	0,000
65,816	1,088	1,261	-0,000	0,000
65,865	0,957	1,004	-0,000	0,000
65,915	0,798	0,794	-0,000	0,000
65,967	0,706	0,685	-0,000	0,000
66,015	0,613	0,566	-0,200	0,000
66,066	0,546	0,507	-0,200	0,000
66,117	0,552	0,465	-0,200	0,000
66,166	0,574	0,326	-0,200	0,000
66,215	0,673	0,342	-0,200	0,000
66,266	0,747	0,408	-0,200	0,000
66,315	0,858	0,605	-0,200	0,000
66,366	0,907	0,759	-0,200	0,000
66,415	0,768	0,712	-0,200	0,000
66,467	0,683	0,626	-0,200	0,000
66,517	0,535	0,396	-0,200	0,000
66,566	0,574	0,428	-0,200	0,000
66,616	0,589	0,385	-0,000	0,200
66,667	0,848	0,733	-0,000	0,200
66,716	1,010	0,975	-0,000	0,200
66,765	1,033	1,045	-0,000	0,200
66,816	1,049	1,018	-0,000	0,200
66,865	0,990	0,930	-0,000	0,000
66,916	0,868	0,866	-0,000	0,000
66,966	0,772	0,825	-0,000	0,000
67,015	0,628	0,461	-0,000	0,000
67,066	0,470	0,248	-0,000	0,000
67,116	0,445	0,237	-0,000	0,000
67,166	0,412	0,576	-0,000	0,000
67,216	0,488	0,550	-0,200	0,000
67,265	0,745	0,486	-0,200	0,000
67,315	0,868	0,527	-0,200	0,000
67,366	0,815	0,548	-0,200	0,000
67,415	0,761	0,523	-0,200	0,000
67,465	0,741	0,447	-0,200	0,000
67,515	0,687	0,404	-0,200	0,000
67,566	0,914	0,560	-0,000	0,200
67,616	1,177	0,868	-0,000	0,000
67,665	1,224	1,088	-0,000	0,000
67,715	1,160	1,113	-0,000	0,000
67,765	1,138	1,306	-0,000	0,000
67,816	1,004	1,138	-0,000	0,000
67,865	0,854	0,838	-0,000	0,000
67,917	0,690	0,648	-0,000	0,000
67,966	0,494	0,426	-0,000	0,000
68,017	0,363	0,196	-0,000	0,000
68,065	0,352	0,073	-0,200	0,000
68,115	0,515	0,192	-0,200	0,000
68,165	0,710	0,394	-0,200	0,000
68,215	0,766	0,498	-0,200	0,000
68,265	0,764	0,583	-0,200	0,000
68,315	0,646	0,550	-0,200	0,000
68,366	0,655	0,488	-0,200	0,000
68,415	0,529	0,307	-0,200	0,000
68,466	0,788	0,681	-0,000	0,200
68,515	0,905	0,825	-0,000	0,200
68,566	1,158	1,240	-0,000	0,200
68,616	1,271	1,310	-0,000	0,200
68,667	1,249	1,325	-0,000	0,200
68,716	1,191	1,203	-0,000	0,000
68,766	1,111	1,146	-0,000	0,000
68,815	0,940	1,006	-0,000	0,000
68,865	0,831	0,909	-0,000	0,000
68,915	0,718	0,665	-0,000	0,000
68,966	0,521	0,324	-0,000	0,000
69,015	0,328	0,151	-0,000	0,000
69,067	0,200	0,178	-0,200	0,000
69,115	0,270	0,609	-0,200	0,000
69,165	0,568	0,589	-0,200	0,000
69,216	0,790	0,478	-0,200	0,000
69,265	0,819	0,470	-0,200	0,000
69,318	0,722	0,391	-0,200	0,000
69,367	0,626	0,297	-0,200	0,000
69,415	0,443	0,093	-0,200	0,000
69,465	0,574	0,085	-0,000	0,200
69,516	0,967	0,402	-0,000	0,000
69,566	1,014	0,622	-0,000	0,000
69,617	0,992	0,796	-0,000	0,000
69,666	0,990	1,000	-0,000	0,000
69,715	0,934	0,975	-0,000	0,000
69,765	0,829	0,868	-0,000	0,000
69,816	0,681	0,611	-0,000	0,000
69,866	0,562	0,406	-0,000	0,000
69,916	0,459	0,143	-0,000	0,000
69,965	0,381	0,075	-0,000	0,000
70,016	0,461	0,030	-0,200	0,000
70,065	0,657	0,207	-0,200	0,000
70,116	0,729	0,357	-0,200	0,000
70,166	0,739	0,445	-0,200	0,000
70,215	0,673	0,416	-0,200	0,000
70,265	0,663	0,418	-0,200	0,000
70,316	0,562	0,254	-0,200	0,000
70,366	0,529	0,178	-0,200	0,000
70,416	0,669	0,359	-0,200	0,000
70,465	0,870	0,605	-0,000	0,200
70,516	1,080	1,055	-0,000	0,200
70,565	1,160	1,166	-0,000	0,200
70,616	1,162	1,181	-0,000	0,200
70,665	1,173	1,187	-0,000	0,200
70,717	1,037	1,055	-0,000	0,000
70,766	0,893	0,951	-0,000	0,000
70,815	0,735	0,766	-0,000	0,000
70,866	0,581	0,519	-0,000	0,000
70,916	0,505	0,350	-0,000	0,000
70,965	0,389	0,303	-0,000	0,000
71,015	0,420	0,486	-0,200	0,000
71,065	0,523	0,755	-0,200	0,000
71,116	0,706	0,591	-0,200	0,000
71,166	0,729	0,435	-0,200	0,000
71,217	0,616	0,278	-0,200	0,000
71,267	0,542	0,219	-0,200	0,000
71,316	0,352	-0,009	-0,200	0,000
71,367	0,385	-0,081	-0,200	0,000
71,415	0,574	0,007	-0,200	0,000
71,465	0,786	0,198	-0,200	0,000
71,515	1,049	0,519	-0,200	0,000
71,567	1,133	0,825	-0,200	0,000
71,616	1,076	0,959	-0,200	0,000
71,665	1,070	1,131	-0,000	0,200
71,716	0,994	1,043	-0,000	0,000
71,765	0,848	0,864	-0,000	0,000
71,815	0,683	0,628	-0,000	0,000
71,865	0,531	0,383	-0,000	0,000
71,917	0,459	0,194	-0,000	0,000
71,967	0,572	0,235	-0,000	0,000
72,015	0,759	0,437	-0,200	0,000
72,065	0,770	0,539	-0,200	0,000
72,116	0,780	0,665	-0,200	0,000
72,167	0,708	0,644	-0,200	0,000
72,215	0,747	0,669	-0,200	0,000
72,265	0,718	0,576	-0,200	0,000
72,316	0,856	0,803	-0,200	0,000
72,365	0,942	0,940	-0,200	0,000
72,416	0,996	1,068	-0,000	0,200
72,466	0,994	1,055	-0,000	0,200
72,517	0,973	1,014	-0,000	0,200
72,565	0,973	0,994	-0,000	0,200
72,616	0,914	0,887	-0,000	0,200
72,665	0,803	0,772	-0,000	0,200
72,717	0,694	0,681	-0,000	0,200
72,765	0,574	0,505	-0,000	0,200
72,815	0,435	0,301	-0,000	0,200
72,865	0,213	0,089	-0,000	0,200
72,915	0,217	0,065	-0,000	0,200
72,966	0,324	0,377	-0,000	0,200
73,016	0,513	0,266	-0,000	0,200
73,067	0,644	0,233	-0,000	0,200
73,115	0,628	0,145	-0,000	0,000
73,165	0,581	0,145	-0,200	0,000
73,216	0,560	0,077	-0,200	0,000
73,266	0,599	0,038	-0,200	0,000
73,316	0,803	0,221	-0,000	0,200
73,365	1,010	0,488	-0,000	0,000
73,415	1,170	0,848	-0,000	0,000
73,466	1,144	1,025	-0,000	0,000
73,515	1,133	1,203	-0,000	0,000
73,567	0,990	1,060	-0,000	0,000
73,617	0,872	0,881	-0,000	0,000
73,666	0,761	0,681	-0,000	0,000
73,715	0,616	0,449	-0,000	0,000
73,765	0,472	0,186	-0,000	0,000
73,817	0,500	0,120	-0,200	0,000
73,866	0,595	0,186	-0,200	0,000
73,915	0,704	0,278	-0,200	0,000
73,966	0,796	0,408	-0,200	0,000
74,016	0,835	0,550	-0,200	0,000
74,066	0,811	0,591	-0,200	0,000
74,117	0,667	0,463	-0,200	0,000
74,166	0,564	0,281	-0,200	0,000
74,216	0,445	0,048	-0,200	0,000
74,265	0,441	0,032	-0,200	0,000
74,315	0,646	0,159	-0,000	0,200
74,365	0,938	0,644	-0,000	0,200
74,415	1,203	1,181	-0,000	0,200
74,465	1,222	1,267	-0,000	0,200
74,517	1,189	1,193	-0,000	0,200
74,565	1,047	1,060	-0,000	0,000
74,616	0,903	0,932	-0,000	0,000
74,665	0,737	0,739	-0,000	0,000
74,715	0,439	0,346	-0,000	0,000
74,765	0,322	0,246	-0,000	0,000
74,817	0,322	0,194	-0,000	0,000
74,867	0,334	0,239	-0,200	0,000
74,917	0,539	0,342	-0,200	0,000
74,966	0,618	0,424	-0,200	0,000
75,017	0,663	0,441	-0,200	0,000
75,065	0,562	0,336	-0,200	0,000
75,116	0,426	0,145	-0,200	0,000
75,166	0,340	-0,011	-0,200	0,000
75,216	0,192	-0,217	-0,200	0,000
75,265	0,293	-0,260	-0,000	0,200
75,316	0,585	-0,114	-0,000	0,000
75,366	0,755	0,059	-0,000	0,000
75,416	0,959	0,363	-0,000	0,000
75,466	1,096	0,694	-0,000	0,000
75,517	1,103	1,014	-0,000	0,000
75,566	1,062	1,090	-0,000	0,000
75,615	1,010	1,082	-0,000	0,000
75,665	0,909	0,912	-0,000	0,000
75,716	0,747	0,696	-0,000	0,000
75,766	0,636	0,457	-0,000	0,000
75,816	0,531	0,326	-0,000	0,000
75,865	0,507	0,229	-0,000	0,000
75,915	0,685	0,394	-0,200	0,000
75,966	0,889	0,675	-0,200	0,000
76,015	0,829	0,694	-0,200	0,000
76,066	0,739	0,581	-0,200	0,000
76,115	0,798	0,659	-0,200	0,000
76,165	0,749	0,599	-0,200	0,000
76,215	0,973	0,942	-0,200	0,000
76,265	1,140	1,117	-0,200	0,000
76,315	1,179	1,226	-0,200	0,000
76,365	1,142	1,173	-0,200	0,000
76,416	1,053	1,055	-0,000	0,200
76,466	0,963	0,961	-0,000	0,000
76,515	0,912	0,912	-0,000	0,000
76,566	0,786	0,794	-0,000	0,000
76,615	0,583	0,581	-0,000	0,000
76,666	0,276	0,227	-0,000	0,000
76,716	0,085	0,015	-0,200	0,000
76,766	0,182	0,422	-0,200	0,000
76,815	0,375	0,574	-0,200	0,000
76,867	0,603	0,657	-0,200	0,000
76,915	0,716	0,385	-0,200	0,000
76,965	0,640	0,301	-0,200	0,000
77,016	0,523	0,204	-0,200	0,000
77,065	0,474	0,318	-0,200	0,000
77,116	0,457	0,332	-0,000	0,200
77,165	0,673	0,377	-0,000	0,000
77,217	0,833	0,570	-0,000	0,000
77,266	0,975	0,566	-0,000	0,000
77,317	1,057	0,700	-0,000	0,000
77,366	1,016	0,766	-0,000	0,000
77,417	1,008	1,043	-0,000	0,000
77,465	0,885	1,010	-0,000	0,000
77,515	0,796	0,790	-0,000	0,000
77,566	0,644	0,595	-0,000	0,000
77,617	0,416	0,241	-0,000	0,000
77,666	0,305	-0,048	-0,000	0,000
77,716	0,585	0,161	-0,200	0,000
77,765	0,805	0,449	-0,200	0,000
77,815	0,946	0,685	-0,200	0,000
77,866	0,922	0,766	-0,200	0,000
77,916	0,829	0,737	-0,200	0,000
77,966	0,702	0,609	-0,200	0,000
78,016	0,624	0,441	-0,200	0,000
78,066	0,665	0,484	-0,200	0,000
78,117	0,796	0,671	-0,200	0,000
78,166	1,016	1,000	-0,000	0,200
78,217	1,162	1,257	-0,000	0,000
78,265	1,121	1,187	-0,000	0,000
78,316	1,016	1,076	-0,000	0,000
78,365	0,860	0,928	-0,000	0,000
78,415	0,776	0,794	-0,000	0,000
78,465	0,687	0,644	-0,000	0,000
78,515	0,494	0,398	-0,000	0,000
78,566	0,320	0,151	-0,000	0,000
78,617	0,431	0,128	-0,000	0,000
78,666	0,716	0,285	-0,200	0,000
78,715	0,776	0,494	-0,200	0,000
78,766	0,776	0,912	-0,200	0,000
78,817	0,790	0,883	-0,200	0,000
78,866	0,753	0,613	-0,200	0,000
78,916	0,669	0,334	-0,200	0,000
78,967	0,531	0,151	-0,000	0,200
79,016	0,502	0,307	-0,000	0,000
79,068	0,474	0,213	-0,000	0,000
79,117	0,595	0,112	-0,000	0,000
79,167	0,788	0,252	-0,000	0,000
79,215	1,012	0,515	-0,000	0,000
79,265	0,965	0,698	-0,000	0,000
79,315	0,967	0,840	-0,000	0,000
79,365	0,829	0,860	-0,000	0,000
79,417	0,770	0,743	-0,000	0,000
79,466	0,683	0,589	-0,000	0,000
79,517	0,533	0,328	-0,000	0,000
79,565	0,433	0,089	-0,000	0,000
79,617	0,498	0,104	-0,000	0,000
79,666	0,628	0,200	-0,000	0,000
79,716	0,788	0,400	-0,200	0,000
79,766	0,881	0,622	-0,200	0,000
79,816	0,887	0,722	-0,200	0,000
79,865	0,817	0,727	-0,200	0,000
79,916	0,755	0,667	-0,200	0,000
79,966	0,790	0,634	-0,200	0,000
80,016	0,790	0,650	-0,200	0,000
80,065	0,872	0,835	-0,000	0,200
80,115	0,955	1,000	-0,000	0,000
80,165	1,138	1,222	-0,000	0,000
80,215	1,115	1,189	-0,000	0,000
80,266	1,039	1,101	-0,000	0,000
80,317	0,924	0,971	-0,000	0,000
80,367	0,856	0,819	-0,000	0,000
80,416	0,753	0,698	-0,000	0,000
80,466	0,595	0,490	-0,000	0,000
80,516	0,394	0,180	-0,000	0,000
80,566	0,262	-0,059	-0,000	0,000
80,616	0,184	-0,001	-0,200	0,000
80,667	0,523	0,498	-0,200	0,000
80,716	0,661	0,714	-0,200	0,000
80,766	0,743	0,620	-0,200	0,000
80,817	0,770	0,572	-0,200	0,000
80,867	0,687	0,480	-0,200	0,000
80,917	0,599	0,373	-0,200	0,000
80,965	0,439	0,227	-0,000	0,200
81,017	0,482	0,167	-0,000	0,000
81,065	0,692	0,285	-0,000	0,000
81,115	0,996	0,624	-0,000	0,000
81,166	1,142	0,946	-0,000	0,000
81,215	1,084	1,057	-0,000	0,000
81,266	1,074	1,107	-0,000	0,000
81,315	0,949	0,951	-0,000	0,000
81,365	0,844	0,774	-0,000	0,000
81,415	0,679	0,527	-0,000	0,000
81,466	0,496	0,299	-0,000	0,000
81,515	0,476	0,186	-0,000	0,000
81,565	0,650	0,387	-0,000	0,000
81,615	0,862	0,702	-0,200	0,000
81,665	0,996	0,891	-0,200	0,000
81,716	1,031	1,039	-0,200	0,000
81,766	1,027	1,074	-0,200	0,000
81,815	1,057	1,117	-0,200	0,000
81,865	0,983	1,014	-0,200	0,000
81,915	0,903	0,877	-0,200	0,000
81,966	0,667	0,622	-0,000	0,200
82,015	0,690	0,601	-0,000	0,000
82,065	0,850	0,786	-0,000	0,000
82,115	0,936	0,942	-0,000	0,000
82,166	0,854	0,897	-0,200	0,000
82,215	0,716	0,741	-0,200	0,000
82,266	0,739	0,655	-0,200	0,000
82,315	0,722	0,597	-0,200	0,000
82,366	0,655	0,531	-0,200	0,000
82,415	0,552	0,352	-0,200	0,000
82,466	0,416	0,042	-0,200	0,000
82,515	0,318	-0,098	-0,200	0,000
82,567	0,278	-0,048	-0,200	0,000
82,615	0,391	0,244	-0,200	0,000
82,666	0,570	0,202	-0,200	0,000
82,716	0,692	0,328	-0,200	0,000
82,765	0,692	0,328	-0,200	0,000
82,815	0,597	0,239	-0,200	0,000
82,865	0,535	0,135	-0,000	0,200
82,917	0,449	0,001	-0,000	0,000
82,966	0,377	-0,077	-0,000	0,000
83,015	0,468	-0,036	-0,000	0,000
83,065	0,671	0,209	-0,000	0,000
83,115	0,949	0,552	-0,000	0,000
83,166	1,010	0,755	-0,000	0,000
83,216	0,940	0,813	-0,000	0,000
83,266	0,897	0,875	-0,000	0,000
83,316	0,735	0,727	-0,000	0,000
83,367	0,659	0,562	-0,000	0,000
83,416	0,525	0,338	-0,000	0,000
83,467	0,389	0,079	-0,000	0,000
83,516	0,402	-0,046	-0,000	0,000
83,566	0,548	0,022	-0,200	0,000
83,615	0,718	0,209	-0,200	0,000
83,667	0,848	0,412	-0,200	0,000
83,716	0,792	0,443	-0,200	0,000
83,766	0,690	0,375	-0,200	0,000
83,817	0,581	0,217	-0,200	0,000
83,866	0,465	0,036	-0,200	0,000
83,915	0,515	0,061	-0,200	0,000
83,965	0,850	0,470	-0,200	0,000
84,015	1,078	0,922	-0,200	0,000
84,067	1,193	1,187	-0,200	0,000
84,116	1,234	1,249	-0,200	0,000
84,166	1,214	1,228	-0,000	0,200
84,215	1,150	1,166	-0,000	0,000
84,266	1,066	1,105	-0,000	0,000
84,316	0,944	1,008	-0,000	0,000
84,365	0,831	0,813	-0,000	0,000
84,415	0,665	0,552	-0,000	0,000
84,466	0,381	0,352	-0,000	0,000
84,515	0,215	0,141	-0,200	0,000
84,565	0,278	0,566	-0,200	0,000
84,615	0,437	0,544	-0,200	0,000
84,666	0,677	0,402	-0,200	0,000
84,715	0,780	0,361	-0,200	0,000
84,765	0,661	0,252	-0,200	0,000
84,816	0,560	0,163	-0,200	0,000
84,866	0,482	0,069	-0,200	0,000
84,916	0,422	-0,052	-0,200	0,000
84,967	0,583	-0,001	-0,200	0,000
85,016	0,835	0,219	-0,000	0,200
85,067	1,033	0,513	-0,000	0,000
85,116	1,006	0,661	-0,000	0,000
85,165	1,006	0,848	-0,000	0,000
85,215	0,928	0,955	-0,000	0,000
85,265	0,829	0,850	-0,000	0,000
85,316	0,653	0,607	-0,000	0,000
85,365	0,443	0,315	-0,000	0,000
85,416	0,373	0,104	-0,000	0,000
85,466	0,535	0,155	-0,000	0,000
85,517	0,724	0,398	-0,200	0,000
85,566	0,877	0,733	-0,200	0,000
85,616	0,907	0,879	-0,200	0,000
85,666	0,835	0,864	-0,200	0,000
85,715	0,798	0,807	-0,200	0,000
85,766	0,786	0,737	-0,200	0,000
85,816	0,735	0,626	-0,200	0,000
85,865	0,809	0,478	-0,200	0,000
85,915	0,792	0,496	-0,000	0,200
85,966	0,916	0,798	-0,000	0,000
86,016	1,020	1,033	-0,000	0,000
86,065	1,119	1,177	-0,000	0,000
86,116	1,152	1,220	-0,000	0,000
86,165	1,101	1,152	-0,000	0,000
86,215	1,060	1,072	-0,000	0,000
86,266	0,965	1,004	-0,000	0,000
86,315	0,842	0,899	-0,000	0,000
86,366	0,761	0,794	-0,000	0,000
86,415	0,626	0,589	-0,000	0,000
86,466	0,385	0,398	-0,000	0,000
86,516	0,174	0,281	-0,200	0,000
86,567	0,295	0,459	-0,200	0,000
86,615	0,379	0,400	-0,200	0,000
86,666	0,465	0,383	-0,200	0,000
86,717	0,505	0,200	-0,200	0,000
86,765	0,474	0,100	-0,200	0,000
86,817	0,443	0,032	-0,200	0,000
86,866	0,231	-0,256	-0,200	0,000
86,917	0,254	-0,320	-0,200	0,000
86,965	0,492	-0,174	-0,000	0,200
87,016	0,807	0,122	-0,000	0,000
87,065	1,014	0,428	-0,000	0,000
87,117	1,031	0,613	-0,000	0,000
87,165	1,062	0,914	-0,000	0,000
87,216	0,955	0,866	-0,000	0,000
87,266	0,846	0,733	-0,000	0,000
87,315	0,679	0,519	-0,000	0,000
87,366	0,519	0,274	-0,000	0,000
87,415	0,507	0,122	-0,000	0,000
87,466	0,747	0,305	-0,000	0,000
87,515	0,901	0,550	-0,200	0,000
87,566	0,983	0,751	-0,200	0,000
87,617	0,979	0,868	-0,200	0,000
87,665	0,953	0,868	-0,200	0,000
87,715	0,850	0,753	-0,200	0,000
87,767	0,792	0,669	-0,200	0,000
87,816	0,807	0,607	-0,200	0,000
87,865	0,759	0,502	-0,200	0,000
87,915	0,714	0,447	-0,200	0,000
87,966	0,811	0,589	-0,200	0,000
88,017	0,848	0,685	-0,200	0,000
88,065	0,938	0,840	-0,200	0,000
88,115	1,064	1,043	-0,200	0,000
88,167	1,074	1,092	-0,200	0,000
88,215	1,060	1,062	-0,200	0,000
88,265	0,994	0,986	-0,200	0,000
88,316	0,885	0,895	-0,200	0,000
88,366	0,846	0,866	-0,200	0,000
88,415	0,743	0,706	-0,000	0,200
88,465	0,585	0,494	-0,000	0,000
88,517	0,428	0,260	-0,000	0,000
88,566	0,348	0,135	-0,000	0,000
88,616	0,468	0,174	-0,200	0,000
88,666	0,661	0,301	-0,200	0,000
88,715	0,788	0,375	-0,200	0,000
88,765	0,772	0,342	-0,200	0,000
88,815	0,648	0,248	-0,200	0,000
88,865	0,618	0,231	-0,200	0,000
88,915	0,482	0,081	-0,200	0,000
88,965	0,675	0,170	-0,000	0,200
89,015	1,027	0,511	-0,000	0,000
89,066	1,197	0,969	-0,000	0,000
89,117	1,094	1,068	-0,000	0,000
89,166	1,096	1,138	-0,000	0,000
89,216	0,961	1,008	-0,000	0,000
89,265	0,877	0,897	-0,000	0,000
89,317	0,716	0,716	-0,000	0,000
89,365	0,548	0,424	-0,000	0,000
89,416	0,502	0,163	-0,000	0,000
89,465	0,626	0,137	-0,000	0,000
89,517	0,809	0,363	-0,200	0,000
89,567	0,903	0,579	-0,200	0,000
89,616	0,975	0,712	-0,200	0,000
89,665	0,953	0,788	-0,200	0,000
89,715	0,893	0,780	-0,200	0,000
89,765	0,727	0,597	-0,200	0,000
89,815	0,700	0,533	-0,200	0,000
89,865	0,609	0,338	-0,200	0,000
89,915	0,700	0,396	-0,200	0,000
89,966	0,879	0,673	-0,000	0,200
90,015	0,951	0,901	-0,000	0,000
90,066	1,053	1,037	-0,000	0,000
90,115	1,074	1,125	-0,000	0,000
90,166	1,006	1,084	-0,000	0,000
90,216	1,010	0,983	-0,000	0,000
90,267	0,909	0,877	-0,000	0,000
90,317	0,817	0,831	-0,000	0,000
90,367	0,735	0,831	-0,000	0,000
90,415	0,509	0,624	-0,000	0,000
90,466	0,170	0,256	-0,000	0,000
90,515	0,313	0,311	-0,000	0,000
90,566	0,412	0,455	-0,200	0,000
90,615	0,500	0,562	-0,200	0,000
90,665	0,611	0,605	-0,200	0,000
90,715	0,694	0,579	-0,200	0,000
90,766	0,622	0,529	-0,200	0,000
90,816	0,624	0,566	-0,200	0,000
90,865	0,531	0,389	-0,200	0,000
90,916	0,632	0,400	-0,000	0,200
90,966	1,053	0,786	-0,000	0,000
91,016	1,300	1,191	-0,000	0,000
91,065	1,271	1,230	-0,000	0,000
91,115	1,220	1,214	-0,000	0,000
91,166	1,057	1,214	-0,000	0,000
91,217	0,963	0,928	-0,000	0,000
91,266	0,875	0,897	-0,000	0,000
91,315	0,714	0,673	-0,000	0,000
91,367	0,465	0,258	-0,000	0,000
91,417	0,410	-0,040	-0,000	0,000
91,466	0,618	0,059	-0,200	0,000
91,516	0,951	0,486	-0,200	0,000
91,566	1,094	0,827	-0,200	0,000
91,615	1,078	0,940	-0,200	0,000
91,666	0,979	0,920	-0,200	0,000
91,715	0,700	0,605	-0,200	0,000
91,765	0,669	0,488	-0,200	0,000
91,816	0,591	0,303	-0,000	0,200
91,866	0,620	0,352	-0,000	0,000
91,916	0,813	0,644	-0,000	0,000
91,965	0,953	0,909	-0,000	0,000
92,015	1,115	1,156	-0,000	0,000
92,066	1,136	1,212	-0,000	0,000
92,115	1,090	1,166	-0,000	0,000
92,166	1,016	1,025	-0,000	0,000
92,215	0,875	0,895	-0,000	0,000
92,267	0,683	0,696	-0,000	0,000
92,316	0,476	0,383	-0,000	0,000
92,366	0,231	-0,145	-0,000	0,000
92,415	0,297	-0,219	-0,000	0,000
92,466	0,599	0,143	-0,000	0,000
92,515	0,761	0,391	-0,200	0,000
92,567	0,831	0,472	-0,200	0,000
92,616	0,788	0,449	-0,200	0,000
92,665	0,751	0,435	-0,200	0,000
92,715	0,675	0,373	-0,200	0,000
92,765	0,581	0,303	-0,200	0,000
92,816	0,570	0,174	-0,000	0,200
92,866	0,515	0,026	-0,000	0,000
92,917	0,753	0,233	-0,000	0,000
92,966	1,037	0,669	-0,000	0,000
93,017	1,140	1,055	-0,000	0,000
93,067	1,127	1,154	-0,000	0,000
93,115	1,119	1,234	-0,000	0,000
93,166	0,994	1,057	-0,000	0,000
93,216	0,833	0,844	-0,000	0,000
93,266	0,560	0,681	-0,000	0,000
93,316	0,322	0,336	-0,000	0,000
93,365	0,318	0,139	-0,000	0,000
93,415	0,426	0,046	-0,000	0,000
93,465	0,628	0,200	-0,200	0,000
93,515	0,829	0,550	-0,200	0,000
93,567	0,942	0,796	-0,200	0,000
93,616	0,930	0,868	-0,200	0,000
93,666	0,842	0,803	-0,200	0,000
93,715	0,653	0,537	-0,200	0,000
93,765	0,638	0,437	-0,200	0,000
93,816	0,517	0,163	-0,000	0,200
93,865	0,535	0,151	-0,000	0,200
93,916	0,698	0,359	-0,000	0,000
93,965	0,909	0,788	-0,000	0,000
94,015	1,092	1,156	-0,000	0,000
94,065	1,092	1,224	-0,000	0,000
94,117	1,092	1,166	-0,000	0,000
94,167	0,979	1,025	-0,000	0,000
94,215	0,883	1,129	-0,000	0,000
94,266	0,790	0,940	-0,000	0,000
94,316	0,593	0,307	-0,000	0,000
94,366	0,363	0,157	-0,000	0,000
94,416	0,357	0,178	-0,000	0,000
94,465	0,396	0,387	-0,000	0,000
94,516	0,632	0,389	-0,200	0,000
94,566	0,768	0,459	-0,200	0,000
94,616	0,786	0,535	-0,200	0,000
94,666	0,743	0,644	-0,200	0,000
94,716	0,692	0,560	-0,200	0,000
94,766	0,642	0,490	-0,200	0,000
94,815	0,562	0,416	-0,200	0,000
94,867	0,574	0,276	-0,000	0,200
94,915	0,710	0,373	-0,000	0,000
94,967	0,868	0,729	-0,000	0,000
95,015	1,096	1,094	-0,000	0,000
95,065	1,068	1,041	-0,000	0,000
95,115	1,055	1,115	-0,000	0,000
95,165	0,926	0,887	-0,000	0,000
95,215	0,794	0,786	-0,000	0,000
95,267	0,626	0,640	-0,000	0,000
95,316	0,301	0,215	-0,000	0,000
95,368	0,470	0,194	-0,000	0,000
95,416	0,681	0,408	-0,000	0,000
95,465	0,864	0,698	-0,200	0,000
95,517	0,963	0,819	-0,200	0,000
95,566	0,957	0,862	-0,200	0,000
95,616	0,864	0,807	-0,200	0,000
95,666	0,778	0,706	-0,200	0,000
95,715	0,737	0,632	-0,200	0,000
95,766	0,661	0,478	-0,200	0,000
95,817	0,562	0,305	-0,000	0,200
95,865	0,607	0,326	-0,000	0,000
95,915	0,663	0,365	-0,000	0,000
95,966	0,718	0,463	-0,000	0,000
96,015	0,673	0,529	-0,200	0,000
96,065	0,696	0,583	-0,200	0,000
96,115	0,733	0,624	-0,200	0,000
96,166	0,747	0,811	-0,200	0,000
96,215	0,710	0,685	-0,200	0,000
96,266	0,708	0,525	-0,000	0,200
96,316	0,753	0,192	-0,000	0,000
96,365	0,671	0,328	-0,000	0,000
96,417	0,568	0,225	-0,000	0,000
96,466	0,591	0,139	-0,000	0,000
96,515	0,696	0,248	-0,000	0,000
96,565	0,821	0,550	-0,000	0,000
96,616	0,907	0,803	-0,000	0,000
96,667	0,889	0,872	-0,000	0,000
96,716	0,903	0,838	-0,000	0,000
96,765	0,918	0,912	-0,000	0,000
96,815	1,158	1,193	-0,000	0,000
96,865	1,339	1,355	-0,000	0,000
96,917	1,277	1,306	-0,000	0,000
96,965	1,195	1,189	-0,000	0,000
97,016	1,179	1,290	-0,000	0,000
97,066	1,111	1,224	-0,000	0,000
97,117	0,944	1,045	-0,000	0,000
97,166	0,780	0,872	-0,000	0,000
97,215	0,548	0,673	-0,000	0,000
97,265	0,523	0,515	-0,200	0,000
97,316	0,556	0,371	-0,200	0,000
97,365	0,710	0,468	-0,200	0,000
97,416	0,887	0,706	-0,200	0,000
97,466	0,936	0,854	-0,200	0,000
97,515	0,922	0,897	-0,200	0,000
97,565	0,757	0,712	-0,200	0,000
97,615	0,576	0,447	-0,200	0,000
97,665	0,455	0,270	-0,200	0,000
97,716	0,348	0,015	-0,000	0,200
97,765	0,283	-0,153	-0,000	0,000
97,817	0,346	-0,266	-0,000	0,000
97,866	0,525	-0,085	-0,000	0,000
97,916	0,712	0,174	-0,000	0,000
97,965	0,780	0,648	-0,000	0,000
98,015	0,825	0,687	-0,000	0,000
98,065	0,838	0,712	-0,000	0,000
98,115	0,770	0,724	-0,000	0,000
98,166	0,720	0,770	-0,000	0,000
98,217	0,716	0,507	-0,000	0,000
98,266	0,505	0,398	-0,000	0,000
98,316	0,496	0,281	-0,000	0,000
98,366	0,451	0,209	-0,000	0,000
98,416	0,675	0,320	-0,000	0,000
98,466	0,907	0,659	-0,000	0,000
98,517	0,983	0,907	-0,200	0,000
98,566	0,944	0,875	-0,200	0,000
98,616	0,924	0,848	-0,200	0,000
98,667	0,856	0,854	-0,200	0,000
98,717	0,798	0,724	-0,200	0,000
98,766	1,090	1,014	-0,200	0,000
98,815	1,475	1,633	-0,200	0,000
98,865	1,355	1,384	-0,200	0,000
98,916	1,216	1,251	-0,200	0,000
98,966	1,068	1,119	-0,200	0,000
99,016	0,949	1,121	-0,200	0,000
99,066	0,603	0,741	-0,200	0,000
99,115	0,239	0,303	-0,200	0,000
99,165	0,069	-0,143	-0,200	0,000
99,216	0,190	-0,287	-0,200	0,000
99,267	0,579	0,040	-0,200	0,000
99,316	0,901	0,391	-0,200	0,000
99,366	1,031	0,788	-0,200	0,000
99,417	1,008	0,967	-0,200	0,000
99,466	0,856	0,825	-0,200	0,000
99,516	0,599	0,523	-0,200	0,000
99,566	0,334	0,126	-0,000	0,200
99,616	-0,001	-0,505	-0,000	0,000
99,665	0,022	-0,511	-0,000	0,000
99,716	0,190	-0,459	-0,000	0,000
99,766	0,385	-0,225	-0,000	0,000
99,815	0,564	-0,038	-0,000	0,000
99,865	0,638	0,167	-0,200	0,000
99,915	0,687	0,334	-0,200	0,000
99,966	0,833	0,628	-0,200	0,000
100,016	0,776	0,661	-0,200	0,000
100,067	0,640	0,568	-0,000	0,200
100,116	0,515	0,424	-0,000	0,000
100,166	0,365	0,202	-0,000	0,000
100,216	0,371	0,087	-0,000	0,000
100,266	0,500	0,137	-0,000	0,000
100,316	0,634	0,309	-0,000	0,000
100,366	0,718	0,581	-0,000	0,000
100,415	0,751	0,525	-0,200	0,000
100,465	0,755	0,402	-0,200	0,000
100,515	0,673	0,579	-0,200	0,000
100,565	0,640	0,293	-0,200	0,000
100,616	0,574	0,155	-0,200	0,000
100,666	0,792	0,357	-0,200	0,000
100,716	1,045	0,671	-0,200	0,000
100,765	1,201	1,090	-0,200	0,000
100,816	1,257	1,349	-0,200	0,000
100,866	1,205	1,290	-0,200	0,000
100,915	1,111	1,148	-0,200	0,000
100,965	0,988	0,912	-0,200	0,000
101,016	0,823	0,815	-0,200	0,000
101,066	0,548	0,587	-0,000	0,200
101,116	0,268	0,207	-0,000	0,200
101,165	0,217	-0,063	-0,000	0,200
101,215	0,396	-0,001	-0,000	0,200
101,265	0,722	0,334	-0,000	0,200
101,316	0,992	0,720	-0,000	0,200
101,367	0,988	0,889	-0,000	0,200
101,415	0,967	0,909	-0,000	0,200
101,466	0,770	0,659	-0,000	0,200
101,516	0,661	0,433	-0,000	0,200
101,566	0,576	0,217	-0,000	0,200
101,616	0,630	0,303	-0,000	0,200
101,667	0,739	0,523	-0,000	0,000
101,715	0,965	0,879	-0,000	0,000
101,766	1,092	1,086	-0,000	0,000
101,816	1,074	1,117	-0,000	0,000
101,867	1,002	1,070	-0,000	0,000
101,917	0,909	0,936	-0,000	0,000
101,965	0,823	0,817	-0,000	0,000
102,015	0,683	0,667	-0,000	0,000
102,065	0,496	0,451	-0,000	0,000
102,115	0,352	0,147	-0,000	0,000
102,167	0,293	-0,083	-0,000	0,000
102,216	0,455	0,081	-0,200	0,000
102,265	0,710	0,322	-0,200	0,000
102,316	0,852	0,519	-0,200	0,000
102,366	0,872	0,636	-0,200	0,000
102,416	0,840	0,640	-0,200	0,000
102,467	0,716	0,478	-0,200	0,000
102,515	0,640	0,313	-0,200	0,000
102,566	0,377	0,001	-0,000	0,200
102,617	0,470	0,015	-0,000	0,000
102,666	0,743	0,184	-0,000	0,000
102,716	0,916	0,482	-0,000	0,000
102,765	0,946	0,667	-0,000	0,000
102,815	0,918	0,798	-0,000	0,000
102,865	1,012	0,901	-0,000	0,000
102,916	0,809	0,815	-0,000	0,000
102,966	0,642	0,737	-0,000	0,000
103,015	0,511	0,572	-0,000	0,000
103,065	0,328	0,235	-0,000	0,000
103,117	0,363	0,044	-0,000	0,000
103,167	0,634	0,295	-0,000	0,000
103,216	0,846	0,556	-0,200	0,000
103,266	0,883	0,708	-0,200	0,000
103,315	0,825	0,712	-0,200	0,000
103,365	0,727	0,616	-0,200	0,000
103,417	0,690	0,443	-0,200	0,000
103,465	0,724	0,424	-0,200	0,000
103,516	0,868	0,667	-0,200	0,000
103,566	1,000	0,905	-0,200	0,000
103,616	1,060	1,117	-0,200	0,000
103,665	0,992	1,068	-0,200	0,000
103,716	0,883	0,971	-0,200	0,000
103,765	0,805	0,838	-0,000	0,200
103,816	0,796	0,788	-0,000	0,200
103,865	0,764	0,708	-0,000	0,200
103,916	0,716	0,601	-0,000	0,200
103,967	0,687	0,525	-0,000	0,200
104,016	0,655	0,412	-0,000	0,200
104,066	0,556	0,258	-0,000	0,200
104,115	0,490	0,083	-0,000	0,200
104,167	0,488	0,093	-0,000	0,200
104,216	0,620	0,170	-0,000	0,200
104,267	0,663	0,215	-0,000	0,200
104,315	0,601	0,133	-0,000	0,000
104,367	0,611	0,198	-0,000	0,000
104,416	0,667	0,262	-0,000	0,000
104,465	0,961	0,531	-0,000	0,000
104,517	1,238	1,084	-0,000	0,000
104,566	1,399	1,395	-0,000	0,000
104,615	1,286	1,366	-0,000	0,000
104,666	1,288	1,364	-0,000	0,000
104,716	1,127	1,197	-0,000	0,000
104,765	0,912	0,961	-0,000	0,000
104,815	0,663	0,698	-0,000	0,000
104,865	0,463	0,342	-0,000	0,000
104,916	0,369	0,170	-0,000	0,000
104,967	0,539	0,252	-0,200	0,000
105,016	0,801	0,546	-0,200	0,000
105,066	0,981	0,868	-0,200	0,000
105,117	0,971	0,965	-0,200	0,000
105,166	0,838	0,831	-0,200	0,000
105,216	0,798	0,796	-0,200	0,000
105,267	0,659	0,566	-0,200	0,000
105,315	0,474	0,215	-0,200	0,000
105,366	0,383	-0,122	-0,000	0,200
105,415	0,313	-0,342	-0,000	0,200
105,467	0,414	-0,207	-0,000	0,200
105,515	0,468	-0,126	-0,000	0,200
105,566	0,636	0,180	-0,000	0,200
105,616	0,648	0,252	-0,000	0,200
105,667	0,576	0,219	-0,000	0,200
105,717	0,539	0,161	-0,000	0,200
105,767	0,525	0,157	-0,000	0,200
105,815	0,542	0,178	-0,000	0,200
105,867	0,488	0,122	-0,000	0,000
105,916	0,433	0,030	-0,000	0,000
105,965	0,344	-0,096	-0,000	0,000
106,017	0,161	-0,174	-0,000	0,000
106,066	0,180	-0,147	-0,000	0,000
106,116	0,281	0,005	-0,000	0,000
106,166	0,527	0,085	-0,000	0,000
106,216	0,671	0,182	-0,200	0,000
106,265	0,710	0,233	-0,200	0,000
106,315	0,722	0,303	-0,200	0,000
106,365	0,755	0,422	-0,200	0,000
106,415	0,912	0,490	-0,000	0,200
106,466	1,119	0,757	-0,000	0,000
106,515	1,288	1,197	-0,000	0,000
106,566	1,247	1,333	-0,000	0,000
106,616	1,232	1,345	-0,000	0,000
106,666	1,014	1,109	-0,000	0,000
106,716	0,852	0,926	-0,000	0,000
106,766	0,638	0,618	-0,000	0,000
106,816	0,406	0,219	-0,000	0,000
106,866	0,293	0,019	-0,200	0,000
106,916	0,500	0,202	-0,200	0,000
106,965	0,776	0,618	-0,200	0,000
107,015	0,932	0,912	-0,200	0,000
107,066	0,951	0,951	-0,200	0,000
107,115	0,901	0,885	-0,200	0,000
107,166	0,825	0,786	-0,200	0,000
107,216	0,764	0,694	-0,200	0,000
107,266	0,613	0,476	-0,200	0,000
107,315	0,556	0,315	-0,000	0,200
107,365	0,480	0,085	-0,000	0,000
107,416	0,488	0,059	-0,000	0,000
107,466	0,507	0,024	-0,000	0,000
107,516	0,570	0,128	-0,000	0,000
107,566	0,677	0,235	-0,000	0,000
107,615	0,669	0,287	-0,000	0,000
107,665	0,632	0,256	-0,000	0,000
107,717	0,601	0,211	-0,000	0,000
107,767	0,566	0,161	-0,000	0,000
107,816	0,521	0,102	-0,000	0,000
107,866	0,465	0,007	-0,000	0,000
107,915	0,437	-0,328	-0,000	0,000
107,966	0,408	-0,365	-0,000	0,000
108,015	0,373	-0,219	-0,000	0,000
108,067	0,548	-0,050	-0,000	0,000
108,116	0,702	0,022	-0,000	0,000
108,165	0,727	0,102	-0,000	0,000
108,217	0,669	0,157	-0,000	0,000
108,266	0,687	0,174	-0,000	0,000
108,315	0,850	0,260	-0,000	0,000
108,367	1,012	0,523	-0,000	0,000
108,417	1,199	0,877	-0,000	0,000
108,466	1,164	1,012	-0,000	0,000
108,515	1,078	1,014	-0,000	0,000
108,566	1,020	1,109	-0,000	0,000
108,616	0,953	1,064	-0,000	0,000
108,665	0,842	0,916	-0,000	0,000
108,715	0,640	0,650	-0,000	0,000
108,765	0,527	0,402	-0,200	0,000
108,817	0,507	0,270	-0,200	0,000
108,865	0,646	0,369	-0,200	0,000
108,917	0,786	0,568	-0,200	0,000
108,966	0,864	0,675	-0,200	0,000
109,017	0,833	0,712	-0,200	0,000
109,066	0,780	0,677	-0,200	0,000
109,116	0,761	0,659	-0,200	0,000
109,166	0,712	0,589	-0,200	0,000
109,215	0,681	0,519	-0,200	0,000
109,265	0,724	0,488	-0,200	0,000
109,315	0,669	0,443	-0,200	0,000
109,365	0,599	0,340	-0,200	0,000
109,415	0,788	0,669	-0,200	0,000
109,467	1,025	1,053	-0,200	0,000
109,517	1,049	1,111	-0,200	0,000
109,566	1,092	1,148	-0,200	0,000
109,616	0,973	0,981	-0,000	0,200
109,666	0,864	0,879	-0,000	0,000
109,716	0,770	0,739	-0,000	0,000
109,766	0,603	0,529	-0,000	0,000
109,816	0,400	0,221	-0,000	0,000
109,865	0,305	0,118	-0,000	0,000
109,916	0,391	0,250	-0,000	0,000
109,965	0,535	0,336	-0,200	0,000
110,016	0,727	0,348	-0,200	0,000
110,065	0,786	0,354	-0,200	0,000
110,117	0,702	0,272	-0,200	0,000
110,167	0,609	0,213	-0,200	0,000
110,217	0,420	0,038	-0,200	0,000
110,266	0,416	-0,013	-0,200	0,000
110,316	0,564	0,044	-0,000	0,200
110,365	0,704	0,108	-0,000	0,000
110,417	0,757	0,192	-0,000	0,000
110,466	0,772	0,248	-0,000	0,000
110,515	0,749	0,381	-0,000	0,000
110,566	0,679	0,424	-0,000	0,000
110,616	0,630	0,367	-0,000	0,000
110,665	0,591	0,262	-0,000	0,000
110,716	0,490	0,061	-0,000	0,000
110,766	0,453	-0,050	-0,000	0,000
110,816	0,618	0,112	-0,000	0,000
110,866	0,757	0,266	-0,000	0,000
110,915	0,780	0,357	-0,000	0,000
110,967	0,778	0,441	-0,200	0,000
111,015	0,807	0,496	-0,200	0,000
111,065	0,741	0,443	-0,200	0,000
111,115	0,675	0,387	-0,200	0,000
111,165	0,669	0,332	-0,200	0,000
111,215	0,632	0,256	-0,200	0,000
111,266	0,638	0,274	-0,200	0,000
111,316	0,782	0,478	-0,200	0,000
111,365	0,901	0,716	-0,200	0,000
111,415	0,998	0,957	-0,200	0,000
111,465	1,041	1,055	-0,200	0,000
111,517	1,002	1,002	-0,200	0,000
111,567	0,988	1,012	-0,200	0,000
111,616	0,895	0,903	-0,200	0,000
111,667	0,801	0,782	-0,000	0,200
111,715	0,729	0,653	-0,000	0,000
111,766	0,581	0,435	-0,000	0,000
111,816	0,338	0,114	-0,000	0,000
111,866	0,507	0,161	-0,000	0,000
111,916	0,443	0,313	-0,200	0,000
111,966	0,589	0,295	-0,200	0,000
112,015	0,745	0,332	-0,200	0,000
112,067	0,737	0,318	-0,200	0,000
112,116	0,712	0,332	-0,200	0,000
112,166	0,628	0,281	-0,200	0,000
112,215	0,644	0,281	-0,200	0,000
112,266	0,897	0,527	-0,000	0,200
112,316	1,092	0,768	-0,000	0,000
112,366	1,074	0,862	-0,000	0,000
112,415	1,062	0,946	-0,000	0,000
112,465	1,055	0,868	-0,000	0,000
112,515	0,821	0,788	-0,000	0,000
112,565	0,755	0,663	-0,000	0,000
112,616	0,665	0,490	-0,000	0,000
112,667	0,566	0,285	-0,000	0,000
112,716	0,548	0,309	-0,000	0,000
112,765	0,550	0,318	-0,200	0,000
112,816	0,665	0,433	-0,200	0,000
112,866	0,794	0,640	-0,200	0,000
112,916	0,809	0,702	-0,200	0,000
112,965	0,835	0,766	-0,200	0,000
113,016	0,731	0,632	-0,200	0,000
113,065	0,663	0,465	-0,200	0,000
113,116	0,628	0,375	-0,200	0,000
113,167	0,665	0,412	-0,200	0,000
113,216	0,794	0,583	-0,000	0,200
113,265	0,907	1,148	-0,000	0,200
113,316	0,986	1,133	-0,000	0,200
113,366	1,002	1,185	-0,000	0,200
113,415	1,025	1,096	-0,000	0,200
113,466	0,905	1,002	-0,000	0,200
113,515	0,858	1,031	-0,000	0,200
113,565	0,881	0,774	-0,000	0,000
113,617	0,825	0,554	-0,000	0,000
113,666	0,724	0,480	-0,000	0,000
113,716	0,681	0,161	-0,000	0,000
113,765	0,564	0,192	-0,000	0,000
113,815	0,585	0,369	-0,200	0,000
113,867	0,724	0,673	-0,200	0,000
113,916	0,835	0,868	-0,200	0,000
113,965	0,868	0,955	-0,200	0,000
114,017	0,757	0,759	-0,200	0,000
114,066	0,648	0,626	-0,200	0,000
114,115	0,638	0,595	-0,000	0,200
114,165	0,856	0,897	-0,000	0,000
114,215	1,183	1,224	-0,000	0,000
114,266	1,175	1,232	-0,000	0,000
114,315	1,025	1,156	-0,000	0,000
114,365	0,990	1,244	-0,000	0,000
114,415	0,868	0,870	-0,000	0,000
114,465	0,854	0,722	-0,000	0,000
114,516	0,813	0,420	-0,000	0,000
114,567	0,650	0,217	-0,000	0,000
114,616	0,517	0,061	-0,000	0,000
114,665	0,500	-0,040	-0,000	0,000
114,716	0,560	0,079	-0,200	0,000
114,765	0,735	0,375	-0,200	0,000
114,815	0,831	0,733	-0,200	0,000
114,867	0,803	0,807	-0,200	0,000
114,916	0,661	0,513	-0,200	0,000
114,966	0,531	0,272	-0,200	0,000
115,015	0,507	0,005	-0,000	0,200
115,066	0,753	0,402	-0,000	0,000
115,117	0,895	0,955	-0,000	0,000
115,166	0,881	1,039	-0,000	0,000
115,215	0,819	1,023	-0,000	0,000
115,267	0,819	1,008	-0,000	0,000
115,316	0,798	0,949	-0,000	0,000
115,366	0,768	0,905	-0,000	0,000
115,415	0,700	0,827	-0,000	0,000
115,465	0,667	0,727	-0,000	0,000
115,517	0,622	0,622	-0,000	0,000
115,565	0,525	0,433	-0,000	0,000
115,615	0,387	0,170	-0,000	0,000
115,665	0,264	-0,055	-0,000	0,000
115,716	0,272	-0,258	-0,200	0,000
115,766	0,379	-0,114	-0,200	0,000
115,815	0,570	0,190	-0,200	0,000
115,866	0,576	0,289	-0,200	0,000
115,916	0,525	0,093	-0,200	0,000
115,965	0,498	-0,044	-0,200	0,000
116,016	0,463	-0,081	-0,200	0,000
116,065	0,667	0,328	-0,200	0,000
116,115	0,788	0,677	-0,000	0,200
116,165	0,844	0,957	-0,000	0,000
116,215	1,062	1,191	-0,000	0,000
116,267	1,088	1,294	-0,000	0,000
116,315	0,928	1,099	-0,000	0,000
116,367	0,854	0,875	-0,000	0,000
116,415	0,840	0,727	-0,000	0,000
116,465	0,679	0,517	-0,000	0,000
116,516	0,599	0,369	-0,000	0,000
116,566	0,581	0,215	-0,000	0,000
116,616	0,712	0,211	-0,200	0,000
116,665	0,838	0,451	-0,200	0,000
116,715	0,944	0,655	-0,200	0,000
116,765	0,918	0,815	-0,200	0,000
116,815	0,831	0,774	-0,200	0,000
116,867	0,650	0,515	-0,200	0,000
116,917	0,437	0,145	-0,200	0,000
116,966	0,472	0,087	-0,200	0,000
117,015	0,655	0,480	-0,200	0,000
117,065	0,835	0,928	-0,200	0,000
117,116	0,916	1,117	-0,200	0,000
117,166	0,887	1,086	-0,200	0,000
117,215	0,862	1,099	-0,200	0,000
117,265	0,790	0,953	-0,200	0,000
117,316	0,687	0,778	-0,000	0,200
117,366	0,613	0,564	-0,000	0,000
117,417	0,502	0,322	-0,000	0,000
117,467	0,363	0,137	-0,000	0,000
117,517	0,289	0,048	-0,000	0,000
117,566	0,283	0,137	-0,000	0,000
117,617	0,303	0,096	-0,000	0,000
117,666	0,431	0,036	-0,200	0,000
117,717	0,533	0,202	-0,200	0,000
117,766	0,572	0,324	-0,200	0,000
117,817	0,589	0,326	-0,200	0,000
117,865	0,566	0,233	-0,200	0,000
117,916	0,519	0,114	-0,200	0,000
117,967	0,463	0,040	-0,000	0,200
118,016	0,381	-0,180	-0,000	0,000
118,066	0,445	-0,166	-0,000	0,000
118,116	0,554	0,019	-0,000	0,000
118,166	0,659	0,342	-0,000	0,000
118,217	0,681	0,492	-0,000	0,000
118,266	0,690	0,727	-0,000	0,000
118,316	0,739	0,813	-0,000	0,000
118,366	0,720	0,733	-0,000	0,000
118,416	0,570	0,535	-0,000	0,000
118,466	0,517	0,324	-0,000	0,000
118,517	0,527	0,186	-0,000	0,000
118,565	0,673	0,252	-0,000	0,000
118,615	0,766	0,400	-0,000	0,000
118,667	0,838	0,626	-0,200	0,000
118,716	0,877	0,813	-0,200	0,000
118,766	0,883	0,877	-0,200	0,000
118,816	0,953	0,885	-0,200	0,000
118,865	0,875	0,850	-0,200	0,000
118,916	0,891	0,912	-0,200	0,000
118,965	0,875	1,041	-0,200	0,000
119,015	0,692	0,969	-0,200	0,000
119,067	0,735	0,940	-0,200	0,000
119,116	0,657	0,776	-0,200	0,000
119,166	0,607	0,708	-0,200	0,000
119,216	0,542	0,624	-0,200	0,000
119,266	0,476	0,544	-0,200	0,000
119,315	0,441	0,398	-0,200	0,000
119,366	0,420	0,190	-0,200	0,000
119,416	0,373	-0,133	-0,200	0,000
119,466	0,334	-0,262	-0,200	0,000
119,515	0,354	-0,270	-0,200	0,000
119,566	0,233	-0,303	-0,200	0,000
119,615	0,379	-0,266	-0,200	0,000
119,666	0,507	-0,055	-0,200	0,000
119,716	0,539	0,102	-0,200	0,000
119,766	0,509	0,056	-0,200	0,000
119,815	0,486	-0,057	-0,000	0,200
119,867	0,459	-0,118	-0,000	0,000
119,916	0,457	-0,131	-0,000	0,000
119,966	0,502	0,034	-0,000	0,000
120,015	0,653	0,172	-0,000	0,000
120,066	0,737	0,484	-0,000	0,000
120,115	0,951	0,862	-0,000	0,000
120,166	0,854	0,903	-0,000	0,000
120,217	0,868	1,076	-0,000	0,000
120,266	0,883	1,027	-0,000	0,000
120,315	0,786	0,838	-0,000	0,000
120,365	0,700	0,687	-0,000	0,000
120,416	0,574	0,412	-0,000	0,000
120,465	0,581	0,336	-0,000	0,000
120,516	0,626	0,305	-0,200	0,000
120,565	0,749	0,422	-0,200	0,000
120,615	0,860	0,626	-0,200	0,000
120,665	0,930	0,809	-0,200	0,000
120,716	1,094	0,926	-0,200	0,000
120,766	0,786	0,706	-0,200	0,000
120,815	0,609	0,650	-0,200	0,000
120,866	0,879	0,942	-0,200	0,000
120,916	0,722	0,887	-0,200	0,000
120,967	0,774	0,946	-0,200	0,000
121,016	0,675	0,782	-0,200	0,000
121,065	0,484	0,568	-0,200	0,000
121,115	0,385	0,465	-0,200	0,000
121,165	0,334	0,311	-0,200	0,000
121,216	0,320	0,278	-0,200	0,000
121,266	0,328	0,147	-0,200	0,000
121,316	0,344	0,022	-0,200	0,000
121,366	0,387	-0,118	-0,200	0,000
121,417	0,387	-0,215	-0,200	0,000
121,466	0,426	-0,161	-0,200	0,000
121,515	0,492	-0,089	-0,200	0,000
121,567	0,579	0,048	-0,200	0,000
121,617	0,581	0,180	-0,200	0,000
121,667	0,591	0,233	-0,000	0,200
121,715	0,634	0,342	-0,000	0,000
121,766	0,628	0,394	-0,000	0,000
121,815	0,593	0,357	-0,000	0,000
121,867	0,585	0,377	-0,000	0,000
121,916	0,560	0,344	-0,000	0,000
121,966	0,558	0,285	-0,000	0,000
122,015	0,747	0,576	-0,000	0,000
122,067	1,020	0,977	-0,000	0,000
122,116	1,160	1,238	-0,000	0,000
122,167	0,983	1,121	-0,000	0,000
122,216	0,895	1,031	-0,000	0,000
122,267	0,959	1,296	-0,000	0,000
122,315	1,004	1,111	-0,000	0,000
122,366	0,831	0,819	-0,000	0,000
122,415	0,593	0,410	-0,000	0,000
122,466	0,509	0,149	-0,000	0,000
122,515	0,521	0,048	-0,200	0,000
122,565	0,618	0,180	-0,200	0,000
122,616	0,784	0,593	-0,200	0,000
122,666	0,909	0,838	-0,200	0,000
122,716	0,961	0,959	-0,200	0,000
122,766	0,897	0,895	-0,200	0,000
122,816	0,879	0,914	-0,200	0,000
122,865	0,868	0,903	-0,200	0,000
122,915	0,655	0,885	-0,000	0,200
122,965	0,745	0,938	-0,000	0,000
123,016	0,912	1,029	-0,000	0,000
123,066	0,803	0,807	-0,000	0,000
123,116	0,636	0,570	-0,000	0,000
123,167	0,562	0,420	-0,000	0,000
123,216	0,502	0,336	-0,000	0,000
123,266	0,468	0,281	-0,000	0,000
123,316	0,457	0,104	-0,000	0,000
123,367	0,416	-0,163	-0,000	0,000
123,417	0,363	-0,383	-0,000	0,000
123,466	0,311	-0,494	-0,000	0,000
123,516	0,398	-0,342	-0,000	0,000
123,565	0,449	-0,129	-0,000	0,000
123,616	0,453	0,067	-0,000	0,000
123,667	0,509	0,108	-0,000	0,000
123,716	0,574	0,149	-0,000	0,000
123,767	0,548	0,112	-0,000	0,000
123,816	0,562	0,128	-0,000	0,000
123,865	0,613	0,157	-0,000	0,000
123,915	0,603	0,180	-0,000	0,000
123,965	0,790	0,472	-0,000	0,000
124,017	0,971	0,862	-0,000	0,000
124,066	1,074	1,195	-0,000	0,000
124,115	1,107	1,220	-0,000	0,000
124,165	0,992	1,187	-0,000	0,000
124,216	0,938	1,210	-0,000	0,000
124,266	0,909	0,992	-0,000	0,000
124,316	0,733	0,862	-0,000	0,000
124,366	0,465	0,447	-0,000	0,000
124,415	0,361	-0,007	-0,000	0,000
124,465	0,527	0,032	-0,200	0,000
124,515	0,770	0,322	-0,200	0,000
124,565	0,854	0,624	-0,200	0,000
124,616	0,753	0,457	-0,200	0,000
124,665	0,642	0,254	-0,200	0,000
124,715	0,749	0,159	-0,200	0,000
124,765	0,864	0,745	-0,200	0,000
124,815	0,568	0,653	-0,200	0,000
124,865	0,704	0,903	-0,200	0,000
124,917	0,885	1,113	-0,200	0,000
124,966	1,072	1,043	-0,000	0,200
125,016	0,544	0,712	-0,000	0,000
125,067	0,406	0,632	-0,000	0,000
125,116	0,320	0,537	-0,000	0,000
125,167	0,287	0,239	-0,000	0,000
125,216	0,369	-0,274	-0,000	0,000
125,266	0,311	-0,344	-0,000	0,000
125,316	0,344	-0,330	-0,000	0,000
125,367	0,472	-0,129	-0,200	0,000
125,416	0,546	-0,030	-0,200	0,000
125,465	0,611	0,093	-0,200	0,000
125,516	0,568	0,001	-0,200	0,000
